0.0 7.0 1.0 0.013431013431013432 0.9762452107279694 0.06043956043956044 97.0 572.0 0.0 83.0 45.0 94.0 
1.0 2.0 3.0 0.0 0.0 0.0 19.0 99.0 0.0 0.0 0.0 1.0 
2.0 1.0 3.0 0.0 0.0 0.0 6.0 28.0 0.0 0.0 0.0 2.0 
3.0 3.0 3.0 0.0 0.0 0.0 3.0 24.0 0.0 1.0 1.0 2.0 
3.0 4.0 3.0 0.6666666666666666 0.5833333333333334 0.0 14.0 75.0 0.0 2.0 4.0 9.0 
0.0 5.0 1.0 0.1 0.75 0.25 12.0 94.0 0.0 2.0 5.0 6.0 
1.0 1.0 3.0 0.0 0.0 0.0 4.0 26.0 0.0 1.0 1.0 4.0 
0.0 4.0 1.0 0.32727272727272727 0.7922077922077922 0.18181818181818182 18.0 110.0 0.0 1.0 7.0 14.0 
0.0 9.0 1.0 0.014285714285714285 0.7777777777777777 0.05291005291005291 27.0 139.0 0.0 1.0 9.0 23.0 
2.0 2.0 3.0 0.0 0.0 0.0 2.0 20.0 0.0 1.0 1.0 2.0 
1.0 2.0 3.0 0.16666666666666666 0.0 0.0 59.0 308.0 0.0 0.0 2.0 2.0 
0.0 2.0 1.0 0.4666666666666667 0.5 0.4166666666666667 46.0 145.0 0.0 0.0 2.0 8.0 
0.0 2.0 1.0 0.044444444444444446 0.8 0.125 20.0 129.0 0.0 4.0 5.0 11.0 
0.0 2.0 1.0 0.45054945054945056 0.5974025974025974 0.19230769230769232 43.0 195.0 0.0 1.0 7.0 16.0 
2.0 5.0 1.0 0.5333333333333333 0.7916666666666666 0.20833333333333334 54.0 321.0 0.0 3.0 8.0 8.0 
1.0 10.0 1.0 0.23025210084033612 0.9183673469387755 0.07352941176470588 66.0 356.0 0.0 21.0 21.0 39.0 
9.0 10.0 1.0 0.09090909090909091 0.8666666666666666 0.13636363636363635 45.0 275.0 0.0 3.0 12.0 13.0 
13.0 15.0 1.0 0.21951219512195122 0.912912912912913 0.041666666666666664 83.0 499.0 0.0 25.0 27.0 44.0 
1.0 4.0 1.0 0.1323529411764706 0.85 0.10416666666666667 26.0 152.0 0.0 13.0 10.0 19.0 
9.0 13.0 1.0 0.19390243902439025 0.9326530612244899 0.042682926829268296 77.0 419.0 0.0 24.0 28.0 44.0 
3.0 2.0 1.0 0.23809523809523808 0.825 0.16666666666666666 30.0 169.0 0.0 2.0 8.0 8.0 
1.0 8.0 1.0 0.5 0.6666666666666666 0.4090909090909091 30.0 163.0 0.0 1.0 3.0 16.0 
6.0 10.0 1.0 0.6363636363636364 0.7962962962962963 0.25 61.0 400.0 0.0 0.0 9.0 14.0 
1.0 4.0 1.0 0.11666666666666667 0.8771929824561404 0.09375 131.0 575.0 0.0 2.0 19.0 19.0 
1.0 2.0 1.0 0.3333333333333333 0.5 0.3333333333333333 23.0 298.0 0.0 1.0 3.0 5.0 
0.0 2.0 1.0 0.1 0.6 0.0 31.0 267.0 0.0 1.0 5.0 6.0 
0.0 2.0 1.0 0.0 0.5 0.0 21.0 141.0 0.0 1.0 2.0 4.0 
2.0 3.0 1.0 0.0 0.6666666666666666 0.3333333333333333 9.0 64.0 0.0 1.0 3.0 5.0 
4.0 3.0 1.0 0.04678362573099415 0.875 0.14 41.0 350.0 0.0 12.0 8.0 12.0 
0.0 2.0 1.0 0.0 0.5 0.0 14.0 123.0 0.0 1.0 2.0 4.0 
1.0 2.0 1.0 0.0 0.5 0.0 12.0 84.0 0.0 1.0 2.0 4.0 
25.0 4.0 1.0 0.03636363636363636 0.85 0.7 22.0 1337.0 0.0 1.0 5.0 12.0 
114.0 22.0 1.0 0.10887096774193548 0.9366071428571429 0.03819444444444445 226.0 1372.0 0.0 20.0 35.0 34.0 
5.0 8.0 1.0 0.33088235294117646 0.7647058823529411 0.1092436974789916 55.0 301.0 0.0 3.0 6.0 18.0 
1.0 8.0 1.0 0.7878787878787878 0.7532467532467532 0.25 43.0 202.0 0.0 1.0 7.0 15.0 
2.0 2.0 3.0 0.0 0.0 0.0 2.0 17.0 0.0 1.0 1.0 2.0 
1.0 8.0 3.0 0.8461538461538461 0.782051282051282 0.19230769230769232 29.0 158.0 0.0 2.0 6.0 17.0 
2.0 2.0 3.0 0.0 0.0 0.0 2.0 17.0 0.0 1.0 1.0 2.0 
2.0 2.0 3.0 0.5 0.5625 0.0 8.0 60.0 0.0 4.0 4.0 7.0 
0.0 2.0 3.0 0.3333333333333333 0.7222222222222223 0.0 8.0 78.0 0.0 6.0 6.0 8.0 
0.0 1.0 3.0 0.3333333333333333 0.6666666666666666 0.0 5.0 40.0 0.0 3.0 4.0 5.0 
12.0 12.0 1.0 0.26666666666666666 0.7633136094674556 0.0625 45.0 306.0 0.0 0.0 13.0 18.0 
1.0 3.0 2.0 0.0 0.0 0.0 3.0 21.0 0.0 0.0 0.0 3.0 
1.0 2.0 3.0 0.16666666666666666 0.5 0.0 6.0 39.0 0.0 2.0 2.0 6.0 
2.0 4.0 3.0 0.4 0.6 0.0 8.0 82.0 0.0 2.0 5.0 7.0 
1.0 1.0 3.0 0.0 0.0 0.0 3.0 22.0 0.0 1.0 1.0 3.0 
2.0 2.0 3.0 1.0 0.25 0.0 6.0 48.0 0.0 2.0 2.0 5.0 
1.0 4.0 2.0 1.0 0.2 0.4 25.0 130.0 0.0 1.0 2.0 7.0 
1.0 3.0 3.0 0.3333333333333333 0.6666666666666666 0.0 5.0 44.0 0.0 3.0 4.0 5.0 
3.0 4.0 3.0 0.49019607843137253 0.71875 0.12962962962962962 45.0 292.0 0.0 1.0 4.0 20.0 
0.0 2.0 3.0 0.6 0.64 0.16666666666666666 13.0 68.0 0.0 2.0 5.0 7.0 
2.0 2.0 3.0 0.3333333333333333 0.4444444444444445 0.25 9.0 61.0 0.0 0.0 3.0 6.0 
0.0 3.0 3.0 0.7272727272727273 0.5714285714285714 0.2727272727272727 28.0 144.0 0.0 2.0 7.0 13.0 
0.0 1.0 1.0 0.6 0.0 0.0 13.0 102.0 1.0 0.0 1.0 9.0 
1.0 3.0 1.0 0.17857142857142858 0.6666666666666666 0.2 13.0 529.0 0.0 4.0 3.0 6.0 
0.0 3.0 3.0 0.0 0.5 1.0 3.0 21.0 0.0 0.0 2.0 2.0 
3.0 3.0 3.0 0.16666666666666666 0.5416666666666666 0.2 32.0 169.0 0.0 1.0 4.0 15.0 
0.0 2.0 3.0 0.5 0.3333333333333333 0.25 7.0 53.0 0.0 0.0 2.0 6.0 
4.0 3.0 3.0 0.10909090909090909 0.375 0.23636363636363636 24.0 129.0 0.0 0.0 2.0 13.0 
0.0 2.0 4.0 0.0 0.0 1.0 6.0 60.0 0.0 0.0 2.0 3.0 
0.0 2.0 3.0 0.7032967032967034 0.5615384615384615 0.25 41.0 230.0 0.0 0.0 10.0 16.0 
8.0 8.0 1.0 0.48717948717948717 0.84375 0.19230769230769232 62.0 328.0 0.0 1.0 8.0 14.0 
0.0 1.0 3.0 0.5357142857142857 0.7936507936507936 0.125 13.0 85.0 0.0 0.0 9.0 9.0 
7.0 1.0 1.0 1.0 0.25 0.5 10.0 94.0 0.0 0.0 2.0 3.0 
0.0 1.0 1.0 0.0 0.0 0.0 9.0 114.0 0.0 0.0 1.0 3.0 
3.0 2.0 1.0 0.25 0.6666666666666666 0.0 11.0 129.0 0.0 1.0 3.0 7.0 
0.0 1.0 1.0 0.0 0.0 0.0 2.0 19.0 0.0 0.0 1.0 2.0 
0.0 1.0 1.0 0.0 0.5 0.0 6.0 38.0 0.0 1.0 2.0 3.0 
1.0 1.0 2.0 0.0 0.9166666666666666 0.0 14.0 102.0 0.0 5.0 12.0 9.0 
3.0 2.0 2.0 0.2 0.76 0.2 7.0 50.0 0.0 1.0 5.0 6.0 
8.0 8.0 3.0 0.26666666666666666 0.72 0.16666666666666666 18.0 147.0 0.0 0.0 5.0 8.0 
1.0 2.0 2.0 0.0 0.5 0.0 3.0 25.0 0.0 2.0 2.0 3.0 
1.0 2.0 2.0 0.0 0.0 0.0 2.0 20.0 0.0 1.0 1.0 2.0 
12.0 4.0 4.0 0.3333333333333333 0.5 0.0 9.0 80.0 0.0 1.0 2.0 8.0 
0.0 3.0 3.0 0.0 0.0 0.0 3.0 18.0 0.0 0.0 0.0 3.0 
2.0 2.0 2.0 0.027777777777777776 0.875 0.0 10.0 68.0 0.0 5.0 8.0 10.0 
3.0 4.0 3.0 0.3333333333333333 0.3333333333333333 0.0 6.0 42.0 0.0 1.0 2.0 5.0 
1.0 2.0 2.0 0.0 0.0 0.0 2.0 19.0 0.0 1.0 1.0 2.0 
2.0 1.0 2.0 0.0 0.0 0.0 2.0 13.0 0.0 0.0 0.0 2.0 
1.0 1.0 2.0 0.0 0.0 0.0 3.0 20.0 0.0 1.0 1.0 2.0 
1.0 2.0 2.0 0.0 0.0 0.0 3.0 27.0 0.0 0.0 1.0 2.0 
0.0 2.0 2.0 0.0 0.0 0.0 2.0 17.0 0.0 0.0 1.0 2.0 
7.0 3.0 2.0 0.27472527472527475 0.8615384615384615 0.2619047619047619 64.0 371.0 0.0 0.0 13.0 15.0 
0.0 1.0 3.0 0.0 0.0 0.0 1.0 9.0 0.0 0.0 0.0 1.0 
0.0 1.0 3.0 0.0 0.0 0.0 1.0 9.0 0.0 0.0 0.0 1.0 
0.0 1.0 3.0 0.0 0.0 0.0 1.0 9.0 0.0 0.0 0.0 1.0 
2.0 1.0 2.0 0.0 0.0 0.0 2.0 17.0 0.0 1.0 1.0 2.0 
2.0 1.0 2.0 0.0 0.0 0.0 2.0 16.0 0.0 0.0 1.0 2.0 
1.0 2.0 2.0 0.0 0.0 0.0 2.0 20.0 0.0 1.0 1.0 2.0 
1.0 2.0 2.0 0.0 0.0 0.0 2.0 20.0 0.0 1.0 1.0 2.0 
10.0 7.0 4.0 0.4 0.6666666666666667 0.16666666666666666 10.0 83.0 0.0 1.0 3.0 7.0 
2.0 1.0 2.0 0.0 0.0 0.0 2.0 18.0 0.0 0.0 1.0 2.0 
1.0 1.0 2.0 0.0 0.0 0.0 2.0 20.0 0.0 0.0 2.0 2.0 
7.0 6.0 3.0 0.2 0.75 0.0 10.0 74.0 0.0 1.0 6.0 6.0 
2.0 3.0 3.0 0.3333333333333333 0.0 0.0 4.0 26.0 0.0 1.0 1.0 4.0 
3.0 2.0 2.0 0.2 0.7777777777777777 0.25 8.0 60.0 0.0 1.0 6.0 7.0 
1.0 1.0 2.0 0.0 0.0 0.0 2.0 16.0 0.0 1.0 1.0 2.0 
1.0 1.0 2.0 0.0 0.875 0.0 8.0 56.0 0.0 6.0 8.0 8.0 
2.0 3.0 2.0 0.0 0.0 0.0 3.0 36.0 0.0 1.0 1.0 2.0 
39.0 19.0 1.0 0.061224489795918366 0.9555972482801752 0.09387755102040816 103.0 627.0 0.0 21.0 39.0 50.0 
1.0 2.0 2.0 0.0 0.5 0.0 3.0 25.0 0.0 0.0 2.0 3.0 
1.0 2.0 2.0 0.0 0.9285714285714286 0.0 14.0 95.0 0.0 11.0 14.0 14.0 
4.0 5.0 2.0 0.1 0.5 0.0 8.0 62.0 0.0 0.0 4.0 6.0 
3.0 4.0 3.0 0.3333333333333333 0.3333333333333333 0.0 6.0 43.0 0.0 1.0 2.0 5.0 
1.0 1.0 2.0 0.0 0.0 0.0 2.0 16.0 0.0 1.0 1.0 2.0 
2.0 3.0 2.0 0.0 0.5 0.0 6.0 44.0 0.0 2.0 2.0 3.0 
10.0 7.0 4.0 0.5 0.0 0.0 6.0 70.0 0.0 1.0 1.0 5.0 
6.0 5.0 3.0 0.2 0.7 0.0 8.0 68.0 0.0 1.0 5.0 6.0 
7.0 6.0 3.0 0.2 0.7333333333333333 0.0 11.0 82.0 0.0 1.0 6.0 7.0 
2.0 1.0 2.0 0.0 0.0 0.0 2.0 13.0 0.0 0.0 0.0 2.0 
1.0 1.0 2.0 0.0 1.0 0.0 2.0 19.0 0.0 1.0 2.0 2.0 
2.0 6.0 1.0 0.09090909090909091 0.8760330578512397 0.08333333333333333 26.0 141.0 0.0 6.0 11.0 13.0 
1.0 1.0 2.0 0.0 0.0 0.0 2.0 17.0 0.0 1.0 1.0 2.0 
1.0 2.0 2.0 0.0 0.0 0.0 2.0 20.0 0.0 1.0 1.0 2.0 
32.0 14.0 2.0 0.10668563300142248 0.9292929292929293 0.14035087719298245 139.0 769.0 0.0 8.0 24.0 39.0 
2.0 4.0 1.0 0.12727272727272726 0.86 0.09090909090909091 19.0 98.0 0.0 4.0 10.0 12.0 
1.0 3.0 3.0 0.1 0.5 0.0 7.0 43.0 0.0 2.0 2.0 6.0 
2.0 5.0 1.0 0.10714285714285714 0.8125 0.125 16.0 82.0 0.0 3.0 8.0 9.0 
0.0 4.0 1.0 0.2 0.8095238095238096 0.16666666666666666 12.0 80.0 0.0 5.0 7.0 7.0 
0.0 2.0 2.0 0.0 0.0 0.0 2.0 17.0 0.0 1.0 1.0 2.0 
2.0 2.0 2.0 0.0 0.0 0.0 2.0 16.0 0.0 0.0 0.0 2.0 
1.0 2.0 2.0 0.0 0.0 0.0 2.0 19.0 0.0 0.0 1.0 2.0 
4.0 3.0 1.0 0.5606060606060606 0.8051948051948052 0.25 26.0 154.0 0.0 1.0 7.0 14.0 
2.0 1.0 2.0 0.0 0.75 0.0 3.0 27.0 0.0 2.0 4.0 3.0 
11.0 8.0 4.0 0.5 0.6666666666666666 0.0 8.0 76.0 0.0 1.0 3.0 5.0 
0.0 1.0 3.0 0.0 0.0 0.0 1.0 9.0 0.0 0.0 0.0 1.0 
3.0 2.0 2.0 0.3333333333333333 0.5 0.0 8.0 51.0 0.0 0.0 2.0 8.0 
2.0 4.0 3.0 0.3333333333333333 0.5 0.0 4.0 30.0 0.0 1.0 2.0 4.0 
6.0 7.0 1.0 0.6666666666666666 0.6666666666666666 0.3333333333333333 14.0 102.0 0.0 1.0 9.0 4.0 
0.0 0.0 2.0 0.0 0.0 0.0 1.0 8.0 0.0 0.0 0.0 1.0 
0.0 3.0 5.0 0.0 0.0 0.5 6.0 31.0 0.0 0.0 0.0 6.0 
0.0 3.0 2.0 0.0 0.0 0.20833333333333334 15.0 80.0 0.0 0.0 0.0 15.0 
0.0 0.0 5.0 0.0 0.0 0.0 1.0 12.0 0.0 0.0 0.0 1.0 
0.0 5.0 6.0 0.0 0.0 0.0 7.0 65.0 0.0 0.0 0.0 7.0 
0.0 3.0 5.0 0.0 0.0 1.0 5.0 27.0 0.0 0.0 0.0 5.0 
0.0 3.0 5.0 0.0 0.0 0.5 6.0 31.0 0.0 0.0 0.0 6.0 
0.0 4.0 5.0 0.0 0.0 0.4444444444444444 10.0 49.0 0.0 0.0 0.0 10.0 
0.0 2.0 4.0 0.0 0.0 0.3 14.0 91.0 0.0 0.0 0.0 14.0 
0.0 2.0 5.0 0.0 0.0 1.0 4.0 22.0 0.0 0.0 0.0 4.0 
0.0 1.0 5.0 0.0 0.0 0.0 2.0 30.0 0.0 0.0 0.0 2.0 
0.0 3.0 5.0 0.0 0.0 0.5 6.0 31.0 0.0 0.0 0.0 6.0 
0.0 0.0 4.0 0.0 0.0 0.0 1.0 9.0 0.0 0.0 0.0 1.0 
1.0 1.0 4.0 0.0 0.0 0.5 16.0 72.0 0.0 0.0 0.0 9.0 
0.0 0.0 3.0 0.0 0.5 0.0 3.0 23.0 0.0 1.0 2.0 2.0 
41.0 16.0 1.0 0.1368421052631579 0.9199999999999999 0.06923076923076923 114.0 738.0 0.0 8.0 25.0 21.0 
7.0 1.0 3.0 0.0 0.0 0.0 8.0 52.0 0.0 1.0 1.0 2.0 
0.0 0.0 3.0 0.0 0.5 0.0 3.0 23.0 0.0 1.0 2.0 2.0 
1.0 0.0 3.0 0.0 0.5 0.0 4.0 28.0 0.0 1.0 2.0 2.0 
0.0 0.0 4.0 0.0 0.0 0.0 1.0 9.0 0.0 0.0 0.0 1.0 
0.0 0.0 4.0 0.0 0.0 0.0 1.0 9.0 0.0 0.0 0.0 1.0 
0.0 0.0 3.0 0.6666666666666666 0.5833333333333334 0.0 6.0 47.0 0.0 1.0 4.0 4.0 
0.0 0.0 3.0 1.0 0.5 0.3333333333333333 9.0 75.0 0.0 1.0 6.0 4.0 
3.0 2.0 5.0 0.0 0.0 0.0 7.0 71.0 0.0 0.0 0.0 3.0 
0.0 0.0 3.0 0.0 0.5 0.0 3.0 23.0 0.0 1.0 2.0 2.0 
0.0 2.0 3.0 0.0 0.0 0.0 3.0 22.0 0.0 1.0 1.0 3.0 
0.0 2.0 3.0 0.0 0.0 0.0 3.0 21.0 0.0 1.0 1.0 3.0 
0.0 0.0 3.0 0.0 0.5 0.0 3.0 22.0 0.0 1.0 2.0 2.0 
0.0 1.0 3.0 0.0 0.5 0.0 5.0 33.0 0.0 1.0 2.0 3.0 
3.0 2.0 5.0 0.0 0.0 0.0 5.0 55.0 0.0 0.0 0.0 4.0 
6.0 13.0 4.0 0.3484848484848485 0.55 0.1875 22.0 185.0 0.0 0.0 5.0 16.0 
0.0 0.0 3.0 0.0 0.0 0.0 3.0 35.0 0.0 0.0 1.0 2.0 
0.0 0.0 3.0 0.0 0.5 0.0 3.0 23.0 0.0 1.0 2.0 2.0 
0.0 0.0 3.0 0.0 0.0 0.0 3.0 26.0 0.0 0.0 1.0 2.0 
1.0 2.0 3.0 0.0 0.0 0.0 3.0 29.0 0.0 0.0 2.0 3.0 
0.0 1.0 3.0 0.0 0.0 0.0 2.0 16.0 0.0 1.0 1.0 2.0 
0.0 0.0 3.0 0.0 0.5 0.5 8.0 59.0 0.0 1.0 2.0 4.0 
14.0 5.0 3.0 0.4 0.7733333333333333 0.2 10.0 95.0 0.0 3.0 15.0 6.0 
0.0 0.0 3.0 0.0 0.5 0.0 3.0 22.0 0.0 1.0 2.0 2.0 
33.0 21.0 2.0 0.14666666666666667 0.8944444444444445 0.09351432880844646 188.0 1112.0 0.0 5.0 20.0 53.0 
0.0 0.0 3.0 1.0 0.5333333333333333 0.6666666666666666 4.0 35.0 0.0 1.0 5.0 4.0 
0.0 0.0 3.0 0.3333333333333333 0.5625 0.25 7.0 57.0 0.0 0.0 4.0 5.0 
0.0 0.0 3.0 0.0 0.5 0.0 2.0 20.0 0.0 1.0 2.0 2.0 
2.0 1.0 2.0 0.0 0.0 0.0 1.0 17.0 0.0 0.0 0.0 1.0 
6.0 10.0 4.0 0.5666666666666667 0.3076923076923077 0.1171875 32.0 264.0 0.0 1.0 2.0 17.0 
10.0 14.0 1.0 0.08 0.9583333333333334 0.05818181818181818 66.0 444.0 0.0 5.0 34.0 26.0 
0.0 1.0 1.0 1.0 0.4 0.26666666666666666 7.0 48.0 0.0 0.0 2.0 6.0 
0.0 0.0 3.0 0.0 0.5 0.0 3.0 22.0 0.0 1.0 2.0 2.0 
0.0 0.0 3.0 0.0 0.5 0.0 3.0 23.0 0.0 1.0 2.0 2.0 
34.0 16.0 1.0 0.14285714285714285 0.9173789173789174 0.06896551724137931 115.0 732.0 0.0 18.0 26.0 30.0 
0.0 0.0 3.0 0.0 0.5 0.0 2.0 20.0 0.0 1.0 2.0 2.0 
0.0 1.0 1.0 0.5 0.33333333333333337 0.26666666666666666 7.0 43.0 0.0 0.0 3.0 6.0 
3.0 2.0 5.0 0.0 0.0 0.0 5.0 55.0 0.0 0.0 0.0 3.0 
0.0 1.0 3.0 0.0 1.0 0.0 2.0 28.0 0.0 0.0 2.0 2.0 
0.0 0.0 3.0 0.0 0.5 0.0 3.0 22.0 0.0 1.0 2.0 2.0 
0.0 0.0 3.0 0.0 0.5 0.0 3.0 23.0 0.0 1.0 2.0 2.0 
0.0 0.0 4.0 0.0 0.0 0.0 1.0 9.0 0.0 0.0 0.0 1.0 
5.0 5.0 1.0 1.0 0.7619047619047619 0.16666666666666666 11.0 80.0 0.0 1.0 7.0 7.0 
0.0 0.0 3.0 0.0 0.0 0.0 11.0 69.0 0.0 0.0 8.0 2.0 
0.0 0.0 3.0 0.5 0.6875 0.75 6.0 47.0 0.0 2.0 4.0 5.0 
0.0 0.0 3.0 0.0 0.5 0.0 2.0 38.0 0.0 1.0 2.0 2.0 
0.0 1.0 5.0 0.0 0.0 0.0 4.0 25.0 0.0 0.0 0.0 4.0 
0.0 0.0 3.0 0.0 0.0 0.0 3.0 26.0 0.0 1.0 3.0 2.0 
0.0 0.0 3.0 0.0 0.0 0.0 10.0 48.0 0.0 0.0 2.0 2.0 
0.0 0.0 3.0 0.0 0.5 0.0 3.0 23.0 0.0 1.0 2.0 2.0 
0.0 0.0 3.0 0.0 0.5 0.0 3.0 23.0 0.0 1.0 2.0 2.0 
0.0 0.0 3.0 0.0 0.5 0.0 2.0 20.0 0.0 1.0 2.0 2.0 
1.0 11.0 4.0 0.0 0.0 0.14814814814814814 23.0 123.0 0.0 0.0 0.0 12.0 
0.0 0.0 3.0 0.0 0.5 0.0 3.0 22.0 0.0 1.0 2.0 2.0 
0.0 0.0 3.0 0.0 0.6666666666666667 0.0 2.0 22.0 0.0 1.0 3.0 2.0 
0.0 0.0 3.0 0.0 0.0 0.0 2.0 20.0 0.0 1.0 2.0 2.0 
5.0 5.0 3.0 0.3263157894736842 0.775 0.07 41.0 196.0 0.0 11.0 8.0 24.0 
0.0 0.0 3.0 0.0 0.0 0.0 3.0 26.0 0.0 0.0 1.0 2.0 
0.0 0.0 3.0 0.0 0.5 0.0 3.0 22.0 0.0 1.0 2.0 2.0 
0.0 0.0 3.0 0.0 0.0 0.0 3.0 21.0 0.0 1.0 1.0 2.0 
1.0 0.0 4.0 0.0 0.0 0.0 1.0 13.0 0.0 0.0 0.0 1.0 
3.0 3.0 2.0 0.0 0.0 0.0 2.0 117.0 0.0 0.0 0.0 1.0 
0.0 0.0 3.0 0.0 0.5 0.0 3.0 22.0 0.0 1.0 2.0 2.0 
0.0 1.0 5.0 0.0 0.0 0.0 2.0 15.0 0.0 0.0 0.0 2.0 
0.0 0.0 3.0 0.0 0.6666666666666667 0.0 2.0 23.0 0.0 1.0 3.0 2.0 
0.0 1.0 3.0 0.0 0.0 0.0 2.0 19.0 0.0 1.0 1.0 2.0 
2.0 4.0 1.0 1.0 0.4 0.23333333333333334 37.0 203.0 0.0 0.0 2.0 11.0 
6.0 6.0 3.0 0.22413793103448276 0.8603988603988604 0.08374384236453201 73.0 374.0 0.0 11.0 13.0 30.0 
3.0 0.0 3.0 0.0 0.0 0.0 4.0 47.0 0.0 0.0 5.0 2.0 
0.0 0.0 3.0 0.0 0.0 0.0 2.0 22.0 0.0 0.0 1.0 2.0 
0.0 1.0 3.0 0.0 0.5 0.0 5.0 33.0 0.0 1.0 2.0 3.0 
0.0 0.0 3.0 0.0 0.0 0.0 2.0 22.0 0.0 0.0 1.0 2.0 
0.0 0.0 3.0 0.0 0.5 0.0 3.0 23.0 0.0 1.0 2.0 2.0 
0.0 2.0 4.0 0.0 0.0 0.5 3.0 20.0 0.0 0.0 0.0 3.0 
0.0 0.0 3.0 0.0 0.5 0.0 3.0 23.0 0.0 1.0 2.0 2.0 
