0.0 3.0 2.0 0.0453781512605042 0.95625 0.06785714285714285 41.0 165.0 0.0 29.0 15.0 35.0 
9.0 6.0 1.0 0.18492176386913228 0.890625 0.0707070707070707 83.0 292.0 0.0 10.0 8.0 36.0 
0.0 5.0 1.0 0.16666666666666666 0.7333333333333333 0.16666666666666666 16.0 66.0 0.0 4.0 3.0 9.0 
16.0 7.0 1.0 0.06333333333333334 0.5714285714285714 0.14705882352941177 128.0 511.0 0.0 3.0 3.0 17.0 
0.0 2.0 1.0 0.018461538461538463 0.6666666666666666 0.2222222222222222 75.0 303.0 0.0 4.0 5.0 11.0 
2.0 6.0 3.0 0.08333333333333333 0.0 0.0 32.0 157.0 0.0 0.0 0.0 1.0 
10.0 8.0 1.0 0.06451612903225806 0.6296296296296297 0.09333333333333334 98.0 412.0 0.0 0.0 3.0 21.0 
2.0 1.0 3.0 0.3333333333333333 0.0 0.5 12.0 68.0 0.0 2.0 1.0 4.0 
12.0 8.0 1.0 0.24444444444444444 0.0 0.3194444444444444 20.0 130.0 0.0 0.0 1.0 9.0 
18.0 10.0 3.0 0.14444444444444443 0.9090909090909091 0.05161290322580645 64.0 313.0 0.0 8.0 11.0 32.0 
0.0 2.0 1.0 0.18333333333333332 0.8557692307692307 0.11428571428571428 25.0 121.0 0.0 5.0 8.0 14.0 
5.0 1.0 1.0 0.027777777777777776 0.5 0.5 28.0 135.0 0.0 0.0 2.0 4.0 
2.0 3.0 1.0 0.14285714285714285 0.8285714285714285 0.25 27.0 124.0 0.0 0.0 5.0 12.0 
3.0 0.0 1.0 0.0 0.0 0.4444444444444444 5.0 25.0 0.0 0.0 0.0 3.0 
1.0 1.0 2.0 0.0 0.0 0.0 10.0 82.0 0.0 0.0 0.0 1.0 
9.0 8.0 2.0 0.05847953216374269 0.0 0.15263157894736842 26.0 112.0 0.0 1.0 1.0 19.0 
0.0 1.0 3.0 0.0 0.0 0.0 33.0 100.0 0.0 0.0 0.0 1.0 
2.0 6.0 1.0 0.15204678362573099 0.8741258741258741 0.09259259259259259 31.0 177.0 0.0 0.0 13.0 20.0 
5.0 6.0 1.0 0.05 0.0 0.203125 25.0 79.0 0.0 2.0 1.0 16.0 
0.0 4.0 1.0 0.03333333333333333 0.6 0.325 27.0 101.0 0.0 0.0 2.0 11.0 
1.0 1.0 1.0 0.06666666666666667 0.0 0.5 21.0 77.0 0.0 0.0 1.0 4.0 
4.0 2.0 2.0 9.66183574879227E-4 0.0 0.2 47.0 266.0 0.0 0.0 1.0 36.0 
3.0 5.0 1.0 0.2826086956521739 0.8550000000000001 0.125 82.0 316.0 0.0 4.0 10.0 28.0 
3.0 1.0 2.0 0.14285714285714285 0.6666666666666666 0.14285714285714285 13.0 68.0 0.0 0.0 3.0 8.0 
0.0 2.0 3.0 0.0 0.5 0.3333333333333333 8.0 45.0 0.0 0.0 2.0 4.0 
1.0 0.0 1.0 0.0 0.0 0.03333333333333333 50.0 187.0 0.0 0.0 0.0 40.0 
1.0 1.0 2.0 0.0 0.0 0.0 4.0 21.0 0.0 0.0 1.0 2.0 
0.0 1.0 1.0 0.39285714285714285 0.825 0.125 14.0 61.0 3.0 2.0 5.0 11.0 
3.0 3.0 1.0 0.7777777777777778 0.6190476190476192 0.4375 66.0 296.0 0.0 0.0 3.0 9.0 
2.0 4.0 1.0 0.2727272727272727 0.75 0.18518518518518517 18.0 81.0 0.0 2.0 4.0 10.0 
0.0 1.0 1.0 0.044444444444444446 0.8777777777777779 0.0 12.0 58.0 0.0 4.0 9.0 12.0 
0.0 5.0 2.0 0.0 0.0 0.5 25.0 124.0 0.0 1.0 1.0 3.0 
0.0 1.0 1.0 0.2564102564102564 0.7 0.13846153846153847 26.0 103.0 0.0 2.0 4.0 16.0 
1.0 2.0 2.0 0.1 0.0 0.3333333333333333 26.0 144.0 0.0 0.0 2.0 5.0 
0.0 1.0 7.0 0.06666666666666667 0.0 0.20833333333333334 17.0 73.0 0.0 0.0 1.0 6.0 
6.0 1.0 1.0 0.07575757575757576 0.9337860780984719 0.07291666666666667 66.0 325.0 0.0 27.0 19.0 36.0 
13.0 2.0 1.0 0.15555555555555556 0.8214285714285714 0.15 44.0 313.0 0.0 3.0 8.0 15.0 
0.0 0.0 1.0 0.0761904761904762 0.8 0.2222222222222222 33.0 114.0 0.0 8.0 5.0 17.0 
0.0 0.0 1.0 0.3333333333333333 0.7142857142857143 0.21428571428571427 14.0 69.0 0.0 3.0 5.0 9.0 
0.0 1.0 1.0 0.06666666666666667 0.7666666666666667 0.2 19.0 83.0 0.0 1.0 6.0 12.0 
0.0 2.0 1.0 0.0 0.0 0.0 4.0 18.0 2.0 0.0 2.0 2.0 
0.0 2.0 1.0 0.6666666666666666 0.625 0.25 7.0 30.0 2.0 2.0 4.0 6.0 
11.0 4.0 1.0 0.3333333333333333 0.7708333333333334 0.16666666666666666 19.0 107.0 0.0 0.0 8.0 8.0 
1.0 2.0 5.0 0.8169934640522876 0.8285714285714285 0.08333333333333333 28.0 108.0 0.0 7.0 5.0 23.0 
1.0 2.0 2.0 0.0 0.0 0.3333333333333333 7.0 30.0 0.0 0.0 1.0 4.0 
1.0 2.0 2.0 0.0 0.0 0.3333333333333333 11.0 47.0 0.0 0.0 1.0 4.0 
0.0 5.0 1.0 0.19696969696969696 0.8 0.16666666666666666 28.0 93.0 0.0 4.0 5.0 13.0 
1.0 2.0 2.0 0.0 0.0 0.16666666666666666 16.0 65.0 0.0 0.0 1.0 7.0 
0.0 3.0 1.0 0.5 0.47619047619047616 0.0 19.0 55.0 0.0 3.0 3.0 9.0 
0.0 4.0 2.0 0.19696969696969696 0.8 0.08333333333333333 34.0 128.0 0.0 2.0 6.0 13.0 
0.0 2.0 2.0 0.0 1.0 0.21428571428571427 11.0 53.0 1.0 0.0 2.0 8.0 
4.0 5.0 2.0 0.19047619047619047 0.65 0.1836734693877551 18.0 131.0 0.0 0.0 4.0 8.0 
0.0 1.0 2.0 1.0 0.0 0.5 4.0 16.0 0.0 1.0 1.0 3.0 
0.0 1.0 2.0 1.0 0.0 0.5 4.0 16.0 0.0 1.0 1.0 3.0 
6.0 3.0 1.0 0.0 0.9068627450980392 0.08333333333333333 36.0 131.0 0.0 12.0 12.0 19.0 
0.0 1.0 7.0 0.0 0.0 0.3333333333333333 5.0 32.0 0.0 0.0 0.0 5.0 
1.0 4.0 1.0 0.0 0.0 0.06 23.0 79.0 0.0 1.0 1.0 21.0 
0.0 1.0 6.0 0.0 0.0 0.5 6.0 33.0 0.0 0.0 0.0 5.0 
0.0 1.0 7.0 0.0 0.0 0.3333333333333333 5.0 32.0 0.0 0.0 0.0 5.0 
0.0 1.0 5.0 0.07692307692307693 0.0 0.25 32.0 145.0 0.0 0.0 0.0 10.0 
0.0 1.0 5.0 0.0 0.0 0.5 12.0 52.0 0.0 0.0 0.0 5.0 
0.0 1.0 6.0 0.0 0.0 0.5 6.0 33.0 0.0 0.0 0.0 5.0 
0.0 1.0 5.0 0.0 0.0 0.3 14.0 55.0 0.0 0.0 0.0 8.0 
0.0 1.0 7.0 0.0 0.0 0.3333333333333333 5.0 32.0 0.0 0.0 0.0 5.0 
0.0 2.0 5.0 0.0 0.0 0.2 11.0 59.0 0.0 0.0 0.0 7.0 
0.0 1.0 4.0 0.0 0.0 0.3333333333333333 9.0 36.0 0.0 0.0 0.0 6.0 
0.0 1.0 6.0 0.0 0.0 0.3 12.0 52.0 0.0 0.0 0.0 9.0 
0.0 1.0 4.0 0.0 0.0 0.3333333333333333 5.0 27.0 0.0 0.0 0.0 5.0 
0.0 1.0 6.0 0.0 0.0 0.5 6.0 33.0 0.0 0.0 0.0 5.0 
0.0 2.0 5.0 0.0 0.0 0.375 7.0 37.0 0.0 0.0 0.0 6.0 
0.0 1.0 4.0 0.0 0.0 0.3333333333333333 6.0 30.0 0.0 0.0 0.0 5.0 
0.0 1.0 7.0 0.0 0.0 0.3333333333333333 5.0 32.0 0.0 0.0 0.0 5.0 
0.0 0.0 3.0 0.0 0.0 0.2 6.0 22.0 0.0 0.0 0.0 6.0 
0.0 1.0 5.0 0.0 0.0 0.3333333333333333 7.0 33.0 0.0 0.0 0.0 6.0 
0.0 1.0 6.0 0.0 0.0 0.3 12.0 54.0 0.0 0.0 0.0 9.0 
0.0 1.0 5.0 0.0 0.0 0.25 14.0 58.0 0.0 0.0 0.0 10.0 
0.0 1.0 6.0 0.0 0.0 0.5 6.0 33.0 0.0 0.0 0.0 5.0 
0.0 0.0 2.0 2.0 0.0 0.0 6.0 70.0 0.0 0.0 0.0 1.0 
0.0 0.0 1.0 0.0 0.5 0.7142857142857143 36.0 151.0 0.0 0.0 2.0 9.0 
5.0 3.0 1.0 0.2857142857142857 0.6 0.19047619047619047 20.0 99.0 0.0 0.0 4.0 8.0 
1.0 5.0 2.0 0.0 0.0 0.6 9.0 62.0 0.0 0.0 0.0 3.0 
2.0 6.0 2.0 1.0 0.0 0.5 9.0 60.0 0.0 0.0 0.0 3.0 
0.0 2.0 1.0 0.0 0.5 1.0 2.0 25.0 1.0 0.0 4.0 2.0 
0.0 0.0 1.0 0.3333333333333333 0.0 0.0 20.0 107.0 0.0 0.0 0.0 0.0 
0.0 1.0 1.0 0.0 0.3333333333333333 0.4375 9.0 49.0 0.0 0.0 3.0 5.0 
0.0 0.0 4.0 0.1 0.0 0.0 11.0 71.0 0.0 0.0 0.0 2.0 
1.0 0.0 1.0 0.0 0.0 0.0 9.0 40.0 0.0 0.0 2.0 5.0 
0.0 1.0 5.0 0.0 0.0 1.0 4.0 118.0 0.0 0.0 6.0 2.0 
0.0 0.0 1.0 0.0 0.0 1.0 9.0 31.0 0.0 0.0 2.0 3.0 
0.0 0.0 2.0 0.0 0.0 0.3333333333333333 12.0 44.0 0.0 0.0 1.0 4.0 
0.0 0.0 2.0 0.0 0.0 0.3333333333333333 4.0 22.0 0.0 0.0 0.0 3.0 
0.0 0.0 2.0 0.0 0.0 1.0 1.0 9.0 0.0 0.0 0.0 1.0 
0.0 0.0 6.0 1.0 0.5 0.5 4.0 48.0 0.0 0.0 2.0 3.0 
4.0 2.0 5.0 1.0 0.3333333333333333 0.3333333333333333 8.0 73.0 0.0 0.0 2.0 4.0 
2.0 2.0 5.0 1.0 0.25 0.5 6.0 50.0 0.0 0.0 2.0 3.0 
2.0 2.0 5.0 0.5 0.5 0.3333333333333333 5.0 60.0 0.0 0.0 2.0 4.0 
3.0 2.0 5.0 1.0 0.5 0.3333333333333333 7.0 45.0 0.0 0.0 2.0 4.0 
2.0 2.0 7.0 0.0 0.0 0.0 3.0 28.0 0.0 0.0 2.0 2.0 
0.0 2.0 7.0 0.0 0.0 0.0 3.0 26.0 0.0 0.0 2.0 2.0 
0.0 1.0 6.0 0.0 0.0 1.0 2.0 18.0 0.0 0.0 2.0 2.0 
0.0 2.0 5.0 0.0 0.0 0.0 2.0 18.0 0.0 0.0 2.0 2.0 
0.0 2.0 1.0 0.4 0.6296296296296297 0.1 13.0 55.0 0.0 1.0 3.0 11.0 
0.0 0.0 1.0 0.0 0.0 0.0 1.0 11.0 0.0 0.0 0.0 0.0 
