4.0 1.0 1.0 0.22807017543859648 0.6153846153846154 0.15384615384615385 29.0 167.0 0.0 10.0 5.0 14.0 
0.0 1.0 1.0 0.18681318681318682 0.7564102564102563 0.08928571428571429 18.0 81.0 0.0 9.0 6.0 16.0 
0.0 1.0 1.0 0.3 0.0 1.0 6.0 42.0 0.0 0.0 1.0 3.0 
5.0 3.0 1.0 0.0989010989010989 0.7222222222222223 0.10909090909090909 23.0 117.0 0.0 1.0 3.0 12.0 
4.0 8.0 1.0 0.17786561264822134 0.0 0.09090909090909091 48.0 241.0 0.0 0.0 1.0 13.0 
21.0 3.0 2.0 0.009523809523809525 0.0 0.5 103.0 431.0 0.0 0.0 0.0 2.0 
0.0 0.0 1.0 0.08333333333333333 0.8518518518518517 0.1111111111111111 11.0 47.0 0.0 7.0 6.0 11.0 
14.0 3.0 2.0 0.17857142857142858 0.7333333333333333 0.16071428571428573 33.0 132.0 0.0 6.0 3.0 8.0 
3.0 3.0 2.0 0.35714285714285715 0.65 0.125 10.0 76.0 0.0 1.0 4.0 8.0 
8.0 2.0 1.0 0.18181818181818182 0.8272727272727274 0.09090909090909091 29.0 210.0 0.0 2.0 11.0 13.0 
3.0 1.0 1.0 0.0 0.0 1.0 7.0 50.0 0.0 0.0 2.0 2.0 
43.0 27.0 2.0 0.012698412698412698 0.7142857142857143 0.04174573055028463 75.0 421.0 0.0 3.0 3.0 35.0 
28.0 3.0 1.0 0.07142857142857142 0.72 0.125 33.0 162.0 0.0 0.0 5.0 10.0 
3.0 3.0 1.0 0.06060606060606061 0.5 0.3125 30.0 134.0 0.0 0.0 2.0 8.0 
0.0 0.0 1.0 0.0761904761904762 0.761904761904762 0.25 33.0 137.0 0.0 3.0 3.0 8.0 
1.0 0.0 2.0 0.4888888888888889 0.48148148148148145 0.16666666666666666 23.0 105.0 0.0 3.0 3.0 10.0 
3.0 0.0 2.0 0.03296703296703297 0.8 0.1 23.0 101.0 0.0 6.0 3.0 14.0 
7.0 2.0 2.0 0.38181818181818183 0.5185185185185186 0.10909090909090909 22.0 105.0 0.0 1.0 3.0 11.0 
2.0 1.0 2.0 0.23529411764705882 0.7857142857142857 0.08823529411764706 34.0 132.0 0.0 5.0 4.0 17.0 
9.0 2.0 2.0 0.42424242424242425 0.0 0.16666666666666666 28.0 127.0 0.0 0.0 1.0 11.0 
7.0 2.0 2.0 0.33986928104575165 0.75 0.09259259259259259 30.0 137.0 0.0 7.0 5.0 18.0 
1.0 4.0 2.0 0.2807017543859649 0.2222222222222222 0.18181818181818182 57.0 226.0 0.0 4.0 2.0 11.0 
6.0 1.0 2.0 0.25 0.7017543859649122 0.12 39.0 175.0 0.0 10.0 6.0 25.0 
6.0 2.0 1.0 0.14619883040935672 0.5757575757575757 0.1 43.0 226.0 0.0 4.0 3.0 16.0 
3.0 2.0 4.0 0.2222222222222222 0.6666666666666667 0.1388888888888889 22.0 111.0 0.0 1.0 3.0 9.0 
18.0 7.0 4.0 0.0 0.0 0.12857142857142856 55.0 271.0 0.0 0.0 0.0 20.0 
0.0 2.0 1.0 0.21794871794871795 0.8782051282051282 0.0989010989010989 25.0 152.0 0.0 5.0 12.0 17.0 
3.0 0.0 3.0 0.01638418079096045 0.0 0.5 66.0 307.0 0.0 13.0 2.0 2.0 
9.0 1.0 3.0 0.1 0.0 1.0 32.0 194.0 0.0 0.0 0.0 1.0 
5.0 3.0 3.0 0.16666666666666666 0.5 0.5 12.0 75.0 0.0 0.0 3.0 4.0 
1.0 2.0 2.0 0.0 0.0 0.4666666666666667 3.0 21.0 0.0 0.0 0.0 3.0 
19.0 6.0 2.0 0.047619047619047616 0.0 0.11071428571428571 78.0 421.0 0.0 0.0 0.0 20.0 
1.0 3.0 2.0 0.5 0.4166666666666667 0.3333333333333333 19.0 87.0 0.0 0.0 4.0 4.0 
2.0 7.0 2.0 0.01098901098901099 0.0 0.1282051282051282 14.0 94.0 0.0 0.0 0.0 13.0 
0.0 2.0 2.0 0.1111111111111111 0.5 0.3333333333333333 28.0 142.0 0.0 0.0 2.0 4.0 
11.0 2.0 3.0 0.167816091954023 0.798941798941799 0.1 34.0 166.0 0.0 18.0 9.0 30.0 
6.0 1.0 2.0 0.08225108225108226 0.8615384615384615 0.09090909090909091 27.0 126.0 0.0 10.0 5.0 22.0 
16.0 1.0 3.0 0.1827956989247312 0.8208333333333333 0.12643678160919541 38.0 201.0 0.0 19.0 10.0 29.0 
9.0 3.0 2.0 0.1225296442687747 0.8285714285714286 0.10526315789473684 34.0 164.0 0.0 10.0 7.0 19.0 
2.0 1.0 1.0 0.2 0.6904761904761904 0.16666666666666666 16.0 92.0 0.0 3.0 7.0 8.0 
2.0 7.0 1.0 0.2857142857142857 0.7000000000000001 0.17142857142857143 27.0 121.0 0.0 0.0 5.0 9.0 
4.0 1.0 1.0 0.027777777777777776 0.6666666666666666 0.3333333333333333 33.0 106.0 0.0 1.0 5.0 6.0 
3.0 0.0 4.0 0.10714285714285714 0.0 0.1875 11.0 84.0 0.0 0.0 1.0 8.0 
1.0 2.0 2.0 0.13105413105413105 0.55 0.2638888888888889 47.0 195.0 0.0 1.0 2.0 19.0 
4.0 4.0 4.0 0.15555555555555556 0.8 0.16666666666666666 16.0 122.0 0.0 1.0 6.0 7.0 
2.0 1.0 4.0 0.0 0.5 0.2 12.0 108.0 0.0 0.0 2.0 6.0 
6.0 3.0 4.0 0.07272727272727272 0.76 0.14285714285714285 18.0 119.0 0.0 2.0 5.0 9.0 
6.0 4.0 4.0 0.19696969696969696 0.6333333333333333 0.16666666666666666 21.0 231.0 0.0 0.0 10.0 7.0 
7.0 1.0 4.0 0.38333333333333336 0.9090909090909091 0.1794871794871795 21.0 249.0 0.0 4.0 17.0 13.0 
5.0 3.0 4.0 0.2545454545454545 0.8333333333333334 0.15 28.0 199.0 0.0 4.0 12.0 11.0 
14.0 5.0 4.0 0.0392156862745098 0.796875 0.08333333333333333 35.0 251.0 0.0 1.0 8.0 17.0 
3.0 3.0 4.0 0.05138339920948617 0.72 0.16666666666666666 30.0 184.0 0.0 2.0 5.0 7.0 
3.0 1.0 4.0 0.32051282051282054 0.75 0.09722222222222222 14.0 109.0 0.0 1.0 4.0 12.0 
4.0 1.0 4.0 0.13333333333333333 0.72 0.16666666666666666 15.0 148.0 0.0 2.0 5.0 9.0 
3.0 1.0 4.0 0.19047619047619047 0.9079365079365079 0.125 43.0 270.0 0.0 9.0 21.0 17.0 
12.0 2.0 4.0 0.22109158186864014 0.8549107142857143 0.09166666666666666 67.0 590.0 0.0 2.0 28.0 21.0 
1.0 1.0 4.0 0.21794871794871795 0.6875 0.2 15.0 96.0 0.0 4.0 4.0 11.0 
5.0 2.0 4.0 0.20833333333333334 0.6333333333333333 0.14285714285714285 38.0 355.0 0.0 0.0 15.0 8.0 
21.0 3.0 4.0 0.0049261083743842365 0.6666666666666666 0.2 28.0 426.0 0.0 1.0 4.0 6.0 
9.0 2.0 4.0 0.06315789473684211 0.5 0.18571428571428572 37.0 293.0 0.0 0.0 2.0 15.0 
21.0 3.0 4.0 0.008547008547008548 0.75 0.16666666666666666 30.0 382.0 0.0 2.0 5.0 8.0 
14.0 2.0 4.0 0.1379800853485064 0.8506787330316742 0.10084033613445378 60.0 508.0 0.0 2.0 17.0 18.0 
13.0 2.0 4.0 0.02631578947368421 0.8571428571428571 0.1590909090909091 46.0 302.0 0.0 0.0 8.0 12.0 
0.0 2.0 2.0 0.0 0.0 1.0 14.0 164.0 0.0 0.0 0.0 1.0 
12.0 4.0 6.0 0.10714285714285714 0.4444444444444445 0.20408163265306123 33.0 198.0 0.0 0.0 3.0 8.0 
10.0 5.0 5.0 0.15151515151515152 0.625 0.2 26.0 181.0 0.0 0.0 4.0 6.0 
15.0 5.0 6.0 0.0928030303030303 0.8484848484848485 0.08771929824561403 80.0 493.0 0.0 0.0 18.0 20.0 
10.0 2.0 6.0 0.054187192118226604 0.9185185185185184 0.10666666666666667 52.0 390.0 0.0 0.0 15.0 16.0 
23.0 5.0 6.0 0.17647058823529413 0.8095238095238095 0.14285714285714285 51.0 349.0 0.0 0.0 7.0 15.0 
8.0 4.0 6.0 0.2 0.75 0.2 17.0 114.0 0.0 0.0 5.0 6.0 
3.0 1.0 6.0 0.022222222222222223 0.6666666666666667 0.0 37.0 213.0 0.0 1.0 3.0 5.0 
14.0 6.0 5.0 0.10666666666666667 0.875 0.08695652173913043 74.0 365.0 0.0 7.0 9.0 24.0 
5.0 4.0 5.0 0.09250693802035152 0.8547008547008548 0.12698412698412698 70.0 361.0 0.0 7.0 13.0 22.0 
3.0 4.0 6.0 0.002849002849002849 0.625 0.25 65.0 318.0 0.0 0.0 4.0 5.0 
11.0 1.0 6.0 0.008658008658008658 0.6666666666666666 0.14814814814814814 56.0 319.0 0.0 0.0 3.0 10.0 
2.0 5.0 6.0 0.015151515151515152 0.75 0.25 34.0 169.0 0.0 2.0 2.0 5.0 
2.0 4.0 2.0 0.14814814814814814 0.8744588744588745 0.07936507936507936 47.0 305.0 0.0 6.0 11.0 28.0 
16.0 6.0 6.0 0.044444444444444446 0.0 0.5 67.0 310.0 0.0 0.0 1.0 3.0 
5.0 2.0 4.0 0.24761904761904763 0.8205128205128206 0.1 25.0 197.0 0.0 3.0 13.0 11.0 
7.0 4.0 7.0 0.0 0.0 0.3333333333333333 22.0 129.0 0.0 0.0 0.0 4.0 
6.0 3.0 8.0 0.0 0.0 0.0 56.0 256.0 0.0 0.0 0.0 2.0 
7.0 2.0 6.0 0.16666666666666666 0.5 0.3333333333333333 12.0 113.0 0.0 0.0 5.0 4.0 
0.0 2.0 8.0 0.0 0.0 0.16666666666666666 8.0 46.0 0.0 0.0 0.0 7.0 
2.0 2.0 6.0 0.07142857142857142 0.0 0.3333333333333333 32.0 121.0 0.0 0.0 2.0 4.0 
1.0 2.0 6.0 0.0024630541871921183 0.5 0.3333333333333333 52.0 238.0 0.0 0.0 2.0 4.0 
1.0 1.0 1.0 0.08771929824561403 0.8958333333333334 0.06862745098039216 36.0 159.0 0.0 10.0 12.0 21.0 
5.0 4.0 1.0 0.1282051282051282 0.8285714285714285 0.16666666666666666 34.0 160.0 0.0 4.0 7.0 12.0 
14.0 4.0 3.0 0.11052631578947368 0.0 0.19642857142857142 103.0 582.0 0.0 0.0 1.0 16.0 
14.0 2.0 1.0 0.1 0.71875 0.16666666666666666 55.0 277.0 0.0 1.0 4.0 11.0 
2.0 1.0 2.0 0.14285714285714285 0.7755102040816327 0.1111111111111111 13.0 88.0 0.0 0.0 7.0 9.0 
4.0 0.0 2.0 0.25 0.0 0.25 19.0 107.0 0.0 2.0 1.0 4.0 
1.0 4.0 1.0 0.0 0.5 0.2 16.0 69.0 0.0 0.0 3.0 7.0 
2.0 4.0 1.0 0.0 0.6190476190476191 0.23333333333333334 29.0 97.0 0.0 0.0 7.0 7.0 
0.0 4.0 1.0 0.1619047619047619 0.8472222222222222 0.09333333333333334 41.0 182.0 0.0 7.0 6.0 15.0 
8.0 3.0 1.0 0.2878787878787879 0.5 0.13095238095238096 28.0 161.0 0.0 2.0 2.0 12.0 
1.0 3.0 1.0 0.6 0.5833333333333334 0.24 16.0 91.0 0.0 1.0 3.0 7.0 
7.0 2.0 1.0 0.24786324786324787 0.8736263736263736 0.06172839506172839 53.0 274.0 0.0 16.0 14.0 27.0 
0.0 2.0 1.0 0.10461538461538461 0.9202898550724639 0.0782608695652174 78.0 363.0 0.0 16.0 18.0 27.0 
0.0 2.0 1.0 0.23636363636363636 0.7922077922077922 0.09090909090909091 20.0 102.0 0.0 7.0 7.0 13.0 
2.0 3.0 1.0 0.17846153846153845 0.9097222222222222 0.11538461538461539 61.0 248.0 0.0 6.0 12.0 29.0 
5.0 0.0 2.0 0.07017543859649122 0.8 0.11764705882352941 41.0 181.0 0.0 6.0 5.0 17.0 
3.0 3.0 1.0 0.13538461538461538 0.8961038961038962 0.0641025641025641 49.0 226.0 0.0 13.0 21.0 29.0 
0.0 4.0 1.0 0.3333333333333333 0.8611111111111112 0.1111111111111111 20.0 113.0 0.0 3.0 12.0 11.0 
4.0 4.0 1.0 0.2545454545454545 0.7171717171717172 0.16 60.0 262.0 0.0 0.0 11.0 13.0 
2.0 1.0 2.0 0.21428571428571427 0.6875 0.21428571428571427 16.0 58.0 0.0 1.0 4.0 7.0 
0.0 0.0 2.0 0.17777777777777778 0.5833333333333334 0.17857142857142858 14.0 67.0 0.0 4.0 3.0 7.0 
0.0 3.0 1.0 0.6 0.72 0.2 13.0 72.0 0.0 0.0 10.0 7.0 
0.0 1.0 1.0 0.6666666666666666 0.0 0.16666666666666666 7.0 38.0 0.0 0.0 1.0 6.0 
5.0 2.0 1.0 0.29523809523809524 0.64 0.08571428571428572 42.0 208.0 0.0 10.0 5.0 20.0 
0.0 4.0 2.0 0.8948051948051948 0.5104166666666666 0.09902597402597403 58.0 203.0 0.0 2.0 2.0 56.0 
2.0 2.0 1.0 0.0735930735930736 0.888888888888889 0.1590909090909091 46.0 180.0 0.0 5.0 9.0 24.0 
1.0 2.0 1.0 0.09333333333333334 0.8947368421052632 0.14285714285714285 53.0 271.0 0.0 6.0 14.0 27.0 
6.0 2.0 2.0 0.21091581868640147 0.8541666666666666 0.07160493827160494 116.0 589.0 0.0 20.0 12.0 45.0 
0.0 0.0 1.0 0.2087912087912088 0.7636363636363637 0.16666666666666666 21.0 92.0 0.0 5.0 5.0 16.0 
8.0 4.0 2.0 0.08866995073891626 0.9150197628458497 0.08333333333333333 85.0 334.0 0.0 11.0 23.0 31.0 
10.0 5.0 2.0 0.015151515151515152 0.0 0.175 29.0 137.0 0.0 0.0 0.0 12.0 
5.0 2.0 2.0 0.022058823529411766 0.0 0.1 45.0 190.0 0.0 2.0 1.0 16.0 
4.0 2.0 2.0 0.0 0.0 0.125 16.0 71.0 0.0 1.0 0.0 12.0 
0.0 0.0 2.0 0.0 0.0 0.16666666666666666 15.0 67.0 0.0 0.0 0.0 6.0 
0.0 0.0 1.0 0.1 0.75 0.0 11.0 50.0 0.0 2.0 5.0 8.0 
1.0 2.0 1.0 0.14545454545454545 0.7777777777777778 0.13636363636363635 25.0 111.0 0.0 2.0 5.0 14.0 
4.0 1.0 1.0 0.2222222222222222 0.7083333333333334 0.1 28.0 128.0 0.0 1.0 4.0 10.0 
4.0 2.0 4.0 0.14545454545454545 0.0 0.1111111111111111 24.0 144.0 0.0 0.0 1.0 12.0 
0.0 1.0 1.0 0.13333333333333333 0.5 0.12 18.0 71.0 0.0 2.0 3.0 12.0 
79.0 6.0 1.0 0.038306451612903226 0.8 0.12258064516129032 205.0 797.0 0.0 6.0 6.0 32.0 
24.0 7.0 3.0 0.09846153846153846 0.7846153846153846 0.11956521739130435 56.0 301.0 0.0 9.0 5.0 23.0 
0.0 3.0 1.0 0.09523809523809523 0.0 0.0 37.0 155.0 0.0 0.0 0.0 0.0 
8.0 4.0 4.0 0.4175824175824176 0.7954545454545454 0.1111111111111111 25.0 234.0 0.0 0.0 11.0 10.0 
8.0 5.0 4.0 0.3333333333333333 0.7857142857142857 0.125 15.0 179.0 0.0 1.0 14.0 9.0 
55.0 9.0 4.0 0.23515661524076673 0.941086691086691 0.05731225296442688 221.0 1819.0 2.0 3.0 84.0 47.0 
3.0 4.0 4.0 0.26373626373626374 0.8222222222222222 0.09090909090909091 25.0 184.0 0.0 3.0 9.0 12.0 
0.0 0.0 1.0 0.0 0.0 0.0 2.0 64.0 0.0 0.0 0.0 0.0 
4.0 2.0 4.0 0.25 0.6666666666666666 0.16666666666666666 7.0 121.0 0.0 0.0 3.0 6.0 
0.0 2.0 8.0 0.0 0.0 0.0 2.0 15.0 0.0 0.0 0.0 2.0 
10.0 2.0 6.0 0.0 0.0 0.3333333333333333 6.0 58.0 0.0 0.0 5.0 4.0 
7.0 2.0 6.0 1.0 0.19999999999999996 0.5 12.0 119.0 0.0 0.0 5.0 3.0 
15.0 2.0 6.0 1.0 0.33333333333333326 0.5 25.0 249.0 0.0 0.0 15.0 3.0 
4.0 2.0 6.0 1.0 0.25 0.5 13.0 101.0 0.0 0.0 4.0 3.0 
3.0 2.0 6.0 1.0 0.0 0.5 8.0 75.0 0.0 0.0 2.0 3.0 
2.0 1.0 4.0 0.3333333333333333 0.8958333333333334 0.1 13.0 167.0 0.0 5.0 16.0 11.0 
2.0 1.0 4.0 0.4444444444444444 0.8392857142857143 0.125 18.0 171.0 0.0 2.0 8.0 9.0 
1.0 2.0 2.0 0.16666666666666666 0.6071428571428571 0.20833333333333334 21.0 92.0 0.0 0.0 4.0 13.0 
5.0 5.0 2.0 0.0 0.0 0.18181818181818182 26.0 126.0 0.0 0.0 1.0 13.0 
0.0 1.0 2.0 0.16666666666666666 0.0 0.25 5.0 24.0 0.0 2.0 1.0 5.0 
5.0 3.0 2.0 0.027777777777777776 0.0 0.19047619047619047 19.0 107.0 0.0 1.0 1.0 9.0 
0.0 1.0 2.0 0.0 0.0 0.0 3.0 15.0 0.0 0.0 0.0 3.0 
0.0 0.0 1.0 0.06593406593406594 0.0 0.0 36.0 226.0 0.0 0.0 0.0 0.0 
0.0 0.0 2.0 1.0 0.0 0.5 3.0 14.0 0.0 0.0 1.0 3.0 
0.0 0.0 2.0 1.0 0.0 0.5 3.0 14.0 0.0 0.0 1.0 3.0 
0.0 0.0 2.0 1.0 0.0 0.5 3.0 15.0 0.0 0.0 1.0 3.0 
0.0 1.0 2.0 1.0 0.0 0.3 6.0 35.0 0.0 0.0 2.0 6.0 
0.0 1.0 2.0 0.4 0.41666666666666663 0.5 10.0 47.0 0.0 0.0 3.0 7.0 
0.0 0.0 4.0 0.0 0.0 0.0 1.0 7.0 0.0 0.0 0.0 1.0 
0.0 1.0 2.0 1.0 0.16666666666666666 0.4 10.0 42.0 0.0 0.0 2.0 6.0 
0.0 0.0 2.0 0.0 0.5 0.6666666666666666 7.0 42.0 0.0 0.0 2.0 5.0 
4.0 2.0 3.0 0.38181818181818183 0.671875 0.1590909090909091 29.0 186.0 0.0 1.0 8.0 14.0 
0.0 0.0 1.0 0.6571428571428571 0.5897435897435898 0.13333333333333333 57.0 309.0 0.0 3.0 9.0 21.0 
6.0 1.0 2.0 0.0 0.0 0.2222222222222222 23.0 89.0 0.0 0.0 0.0 12.0 
0.0 0.0 3.0 0.3333333333333333 0.8055555555555556 0.1111111111111111 33.0 123.0 0.0 0.0 9.0 12.0 
9.0 1.0 4.0 0.1437908496732026 0.7922077922077922 0.10256410256410256 60.0 232.0 0.0 2.0 7.0 14.0 
11.0 3.0 4.0 0.3903133903133903 0.8527777777777779 0.1111111111111111 95.0 425.0 0.0 5.0 15.0 29.0 
0.0 0.0 3.0 0.5 0.7755102040816327 0.1875 24.0 88.0 0.0 0.0 7.0 11.0 
1.0 3.0 3.0 0.7142857142857143 0.5 0.2857142857142857 8.0 41.0 0.0 1.0 2.0 8.0 
0.0 3.0 2.0 6.734006734006734E-4 0.0 0.09586776859504133 83.0 304.0 0.0 0.0 0.0 55.0 
1.0 2.0 3.0 0.0 0.0 0.5 7.0 32.0 0.0 0.0 0.0 7.0 
0.0 2.0 1.0 0.0 0.0 0.0 16.0 68.0 0.0 0.0 0.0 0.0 
12.0 6.0 3.0 0.005550416281221091 0.611111111111111 0.10638297872340426 142.0 572.0 0.0 0.0 3.0 48.0 
1.0 3.0 3.0 0.0 0.0 0.375 13.0 64.0 0.0 0.0 0.0 9.0 
0.0 0.0 2.0 0.13333333333333333 0.5555555555555555 0.5 8.0 42.0 0.0 0.0 3.0 7.0 
0.0 1.0 2.0 1.0 0.0 0.18518518518518517 10.0 79.0 0.0 0.0 3.0 10.0 
0.0 1.0 2.0 1.0 0.0 0.4 6.0 48.0 0.0 0.0 3.0 6.0 
1.0 6.0 3.0 0.0054446460980036296 0.5833333333333334 0.09210526315789473 67.0 441.0 0.0 1.0 2.0 59.0 
1.0 0.0 2.0 1.0 0.6333333333333333 0.125 15.0 61.0 0.0 0.0 3.0 13.0 
0.0 1.0 2.0 1.0 0.6428571428571429 0.18518518518518517 22.0 93.0 0.0 0.0 4.0 10.0 
1.0 1.0 2.0 0.6190476190476191 0.7428571428571429 0.23809523809523808 13.0 77.0 0.0 2.0 7.0 8.0 
0.0 1.0 2.0 0.26666666666666666 0.7361111111111112 0.1 13.0 84.0 0.0 2.0 8.0 12.0 
1.0 1.0 2.0 1.0 0.6 0.4 7.0 65.0 0.0 0.0 5.0 6.0 
11.0 1.0 3.0 0.0 0.0 0.3 13.0 80.0 0.0 0.0 0.0 6.0 
0.0 0.0 7.0 0.16666666666666666 0.0 0.25 6.0 36.0 0.0 0.0 1.0 5.0 
0.0 0.0 6.0 0.0 0.0 0.0 7.0 55.0 0.0 0.0 1.0 2.0 
11.0 1.0 3.0 0.0 0.0 0.3 12.0 76.0 0.0 0.0 0.0 6.0 
11.0 0.0 2.0 0.23170731707317074 0.875 0.1016260162601626 87.0 497.0 0.0 16.0 14.0 42.0 
0.0 0.0 2.0 0.0 0.0 0.0 6.0 69.0 13.0 0.0 13.0 1.0 
0.0 1.0 2.0 0.027777777777777776 0.5 0.18518518518518517 19.0 72.0 0.0 0.0 3.0 10.0 
0.0 1.0 2.0 0.3090909090909091 0.7333333333333333 0.21212121212121213 16.0 69.0 0.0 2.0 5.0 12.0 
1.0 0.0 1.0 0.0022988505747126436 0.0 0.0 56.0 261.0 0.0 1.0 0.0 0.0 
0.0 1.0 2.0 0.3333333333333333 0.25 0.6666666666666666 9.0 51.0 0.0 0.0 2.0 4.0 
0.0 0.0 1.0 0.2222222222222222 0.7222222222222222 0.18518518518518517 10.0 41.0 0.0 8.0 4.0 10.0 
3.0 2.0 2.0 0.6666666666666666 0.6666666666666666 0.3 12.0 65.0 0.0 1.0 2.0 6.0 
0.0 1.0 1.0 0.4 0.5 0.2 10.0 50.0 0.0 4.0 2.0 5.0 
4.0 0.0 1.0 0.0 0.0 1.0 8.0 52.0 0.0 0.0 0.0 1.0 
5.0 0.0 1.0 0.0 0.0 0.5 4.0 45.0 0.0 0.0 0.0 2.0 
