0.0 1.0 3.0 0.08831908831908832 0.5714285714285714 0.25384615384615383 116.0 732.0 1.0 0.0 2.0 26.0 
0.0 1.0 2.0 0.2857142857142857 0.0 0.16666666666666666 19.0 79.0 0.0 0.0 1.0 7.0 
3.0 2.0 2.0 0.0 0.0 0.3111111111111111 66.0 397.0 0.0 0.0 0.0 10.0 
0.0 3.0 1.0 0.05128205128205128 0.5 0.16666666666666666 35.0 144.0 0.0 0.0 2.0 9.0 
0.0 3.0 2.0 0.11231884057971014 0.5 0.16666666666666666 112.0 468.0 0.0 0.0 2.0 9.0 
2.0 2.0 2.0 0.25 0.3 0.21428571428571427 67.0 281.0 0.0 0.0 2.0 8.0 
0.0 3.0 1.0 0.3723076923076923 0.8 0.1111111111111111 100.0 357.0 0.0 0.0 5.0 22.0 
0.0 1.0 3.0 0.047619047619047616 0.0 0.3333333333333333 18.0 65.0 0.0 0.0 0.0 4.0 
6.0 1.0 2.0 0.0761904761904762 0.5 0.08571428571428572 61.0 265.0 0.0 0.0 3.0 14.0 
10.0 7.0 3.0 0.07457627118644068 0.8729096989966555 0.05238095238095238 164.0 769.0 0.0 0.0 26.0 35.0 
0.0 3.0 3.0 0.020168067226890758 0.6666666666666666 0.13398692810457516 120.0 784.0 0.0 0.0 3.0 34.0 
1.0 4.0 2.0 0.0 0.0 0.5 48.0 209.0 0.0 0.0 0.0 5.0 
9.0 1.0 2.0 0.09788359788359788 0.9206349206349206 0.05925925925925926 62.0 365.0 0.0 0.0 12.0 27.0 
0.0 6.0 1.0 0.6021357742181541 0.9288946347769877 0.04201680672268908 225.0 839.0 0.0 0.0 17.0 105.0 
0.0 3.0 3.0 0.06072874493927125 0.0 0.1889400921658986 160.0 1135.0 0.0 0.0 1.0 31.0 
17.0 1.0 2.0 0.0748663101604278 0.9359999999999999 0.04040404040404041 105.0 539.0 0.0 0.0 15.0 33.0 
0.0 1.0 1.0 0.031578947368421054 0.84375 0.09615384615384616 60.0 298.0 0.0 0.0 4.0 13.0 
0.0 2.0 3.0 0.007936507936507936 0.0 0.25 46.0 217.0 0.0 0.0 1.0 6.0 
0.0 0.0 3.0 0.0 0.0 0.16666666666666666 21.0 108.0 0.0 0.0 0.0 12.0 
8.0 3.0 2.0 0.1111111111111111 0.75 0.18518518518518517 32.0 716.0 1.0 0.0 7.0 9.0 
0.0 3.0 1.0 0.09523809523809523 0.7916666666666667 0.21428571428571427 105.0 292.0 3.0 0.0 6.0 14.0 
5.0 1.0 2.0 0.32727272727272727 0.7638888888888888 0.3 39.0 163.0 0.0 0.0 8.0 11.0 
2.0 3.0 2.0 0.05128205128205128 0.6 0.15384615384615385 43.0 236.0 0.0 0.0 2.0 14.0 
3.0 2.0 2.0 0.0 0.0 0.5 23.0 126.0 0.0 0.0 0.0 6.0 
17.0 3.0 2.0 0.07692307692307693 0.0 0.16666666666666666 29.0 202.0 0.0 0.0 1.0 12.0 
2.0 2.0 3.0 0.01 0.625 0.12222222222222222 60.0 309.0 0.0 0.0 2.0 19.0 
1.0 2.0 3.0 0.0 0.0 0.3333333333333333 7.0 57.0 0.0 0.0 2.0 3.0 
0.0 3.0 2.0 0.038461538461538464 0.8 0.11428571428571428 34.0 203.0 0.0 0.0 4.0 11.0 
0.0 2.0 2.0 0.0 0.0 0.25 16.0 73.0 0.0 1.0 1.0 9.0 
10.0 2.0 3.0 0.03296703296703297 0.7777777777777777 0.08571428571428572 31.0 182.0 2.0 0.0 3.0 15.0 
7.0 2.0 3.0 0.05194805194805195 0.8977272727272727 0.07272727272727272 41.0 214.0 0.0 0.0 8.0 23.0 
8.0 2.0 3.0 0.0 0.0 0.14285714285714285 30.0 130.0 3.0 0.0 3.0 8.0 
11.0 6.0 4.0 0.09558823529411764 0.5555555555555556 0.07352941176470588 30.0 173.0 0.0 0.0 3.0 17.0 
0.0 0.0 1.0 0.10714285714285714 0.7999999999999999 0.125 15.0 67.0 0.0 0.0 5.0 12.0 
1.0 3.0 2.0 0.05454545454545454 0.0 0.24074074074074073 20.0 101.0 0.0 0.0 1.0 9.0 
1.0 0.0 1.0 0.17647058823529413 0.6190476190476192 0.12222222222222222 45.0 274.0 0.0 0.0 3.0 15.0 
0.0 0.0 2.0 0.10909090909090909 0.6666666666666666 0.0 25.0 101.0 0.0 0.0 4.0 11.0 
1.0 3.0 1.0 0.06493506493506493 0.8 0.10714285714285714 68.0 338.0 0.0 10.0 5.0 16.0 
0.0 2.0 2.0 0.12333333333333334 0.6666666666666666 0.08 62.0 256.0 0.0 0.0 4.0 26.0 
0.0 1.0 1.0 0.05555555555555555 0.5 0.15625 15.0 104.0 0.0 4.0 2.0 8.0 
0.0 2.0 2.0 0.0 0.0 0.1875 8.0 35.0 5.0 0.0 5.0 8.0 
0.0 2.0 2.0 0.0033333333333333335 0.0 0.21875 71.0 278.0 0.0 0.0 0.0 8.0 
0.0 2.0 2.0 0.07352941176470588 0.0 0.10714285714285714 53.0 235.0 0.0 0.0 1.0 14.0 
0.0 1.0 1.0 0.01098901098901099 0.0 0.5 62.0 550.0 0.0 0.0 0.0 4.0 
0.0 1.0 1.0 0.3333333333333333 0.0 0.5 13.0 70.0 0.0 0.0 0.0 4.0 
0.0 0.0 1.0 0.5238095238095238 0.6190476190476191 0.5714285714285714 23.0 112.0 0.0 0.0 7.0 9.0 
7.0 4.0 1.0 0.4444444444444444 0.8315217391304348 0.225 67.0 370.0 4.0 0.0 23.0 12.0 
7.0 4.0 2.0 0.24175824175824176 0.8157894736842106 0.21428571428571427 78.0 411.0 0.0 0.0 19.0 15.0 
0.0 2.0 2.0 0.2 0.22222222222222218 0.16666666666666666 34.0 124.0 0.0 0.0 3.0 8.0 
0.0 7.0 2.0 0.3382352941176471 0.7222222222222223 0.13725490196078433 57.0 279.0 0.0 0.0 9.0 18.0 
6.0 3.0 1.0 0.13186813186813187 0.6875 0.21428571428571427 48.0 255.0 0.0 0.0 8.0 10.0 
0.0 1.0 3.0 0.09047619047619047 0.0 0.5 126.0 703.0 0.0 0.0 0.0 3.0 
1.0 2.0 2.0 0.0 0.0 0.5 57.0 248.0 0.0 0.0 1.0 4.0 
0.0 3.0 3.0 0.2222222222222222 0.7407407407407408 0.2222222222222222 37.0 202.0 1.0 0.0 9.0 9.0 
0.0 2.0 2.0 0.0 0.0 0.3333333333333333 19.0 125.0 0.0 0.0 0.0 4.0 
0.0 4.0 3.0 0.03571428571428571 0.888888888888889 0.25 15.0 85.0 0.0 3.0 3.0 8.0 
1.0 6.0 3.0 0.35960591133004927 0.6666666666666666 0.13227513227513227 89.0 440.0 0.0 0.0 8.0 28.0 
0.0 2.0 3.0 0.05128205128205128 0.9 0.23076923076923078 19.0 99.0 0.0 9.0 5.0 13.0 
0.0 3.0 3.0 0.06666666666666667 0.875 0.125 19.0 76.0 0.0 7.0 4.0 10.0 
0.0 3.0 2.0 0.0 0.0 0.38095238095238093 30.0 143.0 0.0 0.0 0.0 8.0 
0.0 4.0 2.0 0.6827880512091038 0.3620689655172414 0.16842105263157894 93.0 470.0 0.0 0.0 4.0 44.0 
0.0 1.0 2.0 0.0 0.11111111111111116 0.0 11.0 102.0 0.0 0.0 9.0 6.0 
4.0 1.0 2.0 0.06666666666666667 0.25 0.16666666666666666 18.0 165.0 0.0 0.0 16.0 7.0 
4.0 1.0 1.0 0.1111111111111111 0.8920454545454546 0.14035087719298245 112.0 520.0 0.0 0.0 22.0 23.0 
5.0 1.0 2.0 0.2545454545454545 0.6190476190476192 0.18181818181818182 18.0 134.0 0.0 0.0 9.0 12.0 
0.0 2.0 2.0 0.2924731182795699 0.0 0.12857142857142856 62.0 281.0 0.0 0.0 1.0 31.0 
2.0 0.0 4.0 0.007836990595611285 0.0 0.0 353.0 1464.0 0.0 0.0 0.0 3.0 
0.0 2.0 1.0 0.007905138339920948 0.8541666666666667 0.1111111111111111 110.0 433.0 0.0 0.0 6.0 12.0 
0.0 1.0 2.0 0.0 0.0 0.0 15.0 48.0 0.0 0.0 1.0 2.0 
0.0 3.0 2.0 0.45454545454545453 0.0 0.08571428571428572 61.0 225.0 0.0 0.0 1.0 25.0 
1.0 2.0 2.0 0.03571428571428571 0.4444444444444444 0.35 46.0 256.0 9.0 0.0 9.0 8.0 
0.0 7.0 2.0 0.05 0.9529914529914529 0.08214285714285714 99.0 503.0 0.0 0.0 26.0 40.0 
2.0 2.0 2.0 0.0 1.0 0.2 51.0 217.0 0.0 0.0 9.0 6.0 
0.0 0.0 2.0 0.027777777777777776 0.0 0.2857142857142857 27.0 191.0 0.0 0.0 0.0 7.0 
18.0 4.0 2.0 0.15270935960591134 0.9051383399209487 0.08333333333333333 148.0 690.0 0.0 0.0 11.0 28.0 
0.0 5.0 2.0 0.10606060606060606 0.0 0.0 75.0 365.0 0.0 0.0 0.0 4.0 
0.0 0.0 2.0 0.01818181818181818 0.0 0.1 18.0 110.0 0.0 0.0 1.0 10.0 
0.0 2.0 1.0 0.25 0.725 0.1111111111111111 22.0 101.0 0.0 0.0 5.0 12.0 
0.0 1.0 2.0 0.10714285714285714 0.16666666666666666 0.125 24.0 114.0 0.0 0.0 2.0 10.0 
0.0 0.0 4.0 0.047619047619047616 0.0 0.17857142857142858 11.0 73.0 0.0 0.0 1.0 8.0 
0.0 3.0 2.0 0.0 0.0 0.0 39.0 189.0 0.0 0.0 0.0 4.0 
0.0 0.0 3.0 0.027777777777777776 0.0 0.0 13.0 124.0 0.0 0.0 0.0 2.0 
0.0 0.0 3.0 0.0 0.0 0.0 20.0 128.0 0.0 0.0 0.0 3.0 
0.0 1.0 2.0 0.36363636363636365 0.6666666666666666 0.08333333333333333 149.0 688.0 0.0 2.0 9.0 13.0 
0.0 1.0 2.0 0.35555555555555557 0.5714285714285714 0.0 105.0 408.0 0.0 3.0 5.0 11.0 
0.0 1.0 3.0 0.06666666666666667 0.0 0.25 23.0 96.0 0.0 0.0 1.0 6.0 
0.0 1.0 2.0 0.13333333333333333 0.3333333333333333 0.16666666666666666 19.0 87.0 0.0 1.0 3.0 7.0 
0.0 1.0 2.0 0.35714285714285715 0.25 0.125 43.0 173.0 0.0 0.0 4.0 9.0 
0.0 1.0 2.0 0.3090909090909091 0.4571428571428572 0.09090909090909091 47.0 181.0 0.0 0.0 5.0 12.0 
0.0 4.0 2.0 0.022058823529411766 0.9 0.09090909090909091 31.0 180.0 8.0 0.0 10.0 14.0 
15.0 2.0 2.0 0.0 0.8 0.1590909090909091 22.0 119.0 0.0 0.0 5.0 12.0 
2.0 3.0 3.0 0.15833333333333333 0.7976190476190476 0.09375 58.0 244.0 0.0 0.0 6.0 17.0 
0.0 3.0 1.0 0.2 0.7181818181818181 0.25 54.0 278.0 0.0 0.0 11.0 17.0 
0.0 1.0 2.0 0.3333333333333333 0.25 0.16666666666666666 21.0 94.0 0.0 0.0 2.0 7.0 
2.0 4.0 1.0 0.08333333333333333 0.72 0.23809523809523808 31.0 157.0 0.0 0.0 5.0 9.0 
0.0 4.0 1.0 0.025 0.5833333333333334 0.25 56.0 363.0 0.0 0.0 4.0 5.0 
4.0 1.0 2.0 0.07272727272727272 0.8800000000000001 0.25 19.0 97.0 0.0 3.0 5.0 10.0 
0.0 4.0 1.0 0.1225296442687747 0.8611111111111112 0.06818181818181818 59.0 245.0 7.0 9.0 14.0 22.0 
0.0 2.0 1.0 0.05228758169934641 0.9444444444444444 0.07407407407407407 20.0 112.0 0.0 10.0 9.0 18.0 
3.0 3.0 3.0 0.0915032679738562 0.8461538461538461 0.10588235294117647 42.0 231.0 0.0 9.0 6.0 17.0 
0.0 0.0 2.0 0.0 0.0 0.0 5.0 44.0 0.0 1.0 1.0 3.0 
0.0 1.0 2.0 0.1 0.75 0.2 7.0 66.0 0.0 3.0 2.0 5.0 
0.0 2.0 2.0 0.13333333333333333 0.8333333333333333 0.16666666666666666 8.0 57.0 0.0 5.0 3.0 6.0 
0.0 1.0 2.0 0.13333333333333333 0.75 0.16666666666666666 7.0 43.0 0.0 5.0 3.0 6.0 
0.0 1.0 2.0 0.08888888888888889 0.9 0.2 14.0 76.0 0.0 9.0 5.0 10.0 
0.0 1.0 2.0 0.10714285714285714 0.7916666666666666 0.375 10.0 60.0 0.0 7.0 4.0 8.0 
0.0 2.0 2.0 0.0 1.0 0.0 6.0 47.0 0.0 2.0 2.0 3.0 
0.0 5.0 3.0 0.05714285714285714 0.9423076923076923 0.1 17.0 82.0 0.0 14.0 8.0 15.0 
0.0 2.0 2.0 0.1 0.75 0.2 6.0 39.0 0.0 3.0 2.0 5.0 
0.0 2.0 2.0 0.07272727272727272 0.9 0.18181818181818182 14.0 90.0 0.0 9.0 5.0 11.0 
0.0 1.0 2.0 0.10714285714285714 0.7916666666666666 0.375 9.0 51.0 0.0 7.0 4.0 8.0 
1.0 3.0 2.0 0.06666666666666667 0.9142857142857144 0.1 14.0 79.0 0.0 8.0 5.0 10.0 
0.0 6.0 2.0 0.054945054945054944 0.9350649350649352 0.07142857142857142 17.0 93.0 0.0 8.0 7.0 14.0 
0.0 2.0 3.0 0.10714285714285714 0.9142857142857144 0.125 10.0 55.0 0.0 8.0 5.0 8.0 
0.0 2.0 3.0 0.0 1.0 0.0 7.0 49.0 0.0 2.0 2.0 4.0 
0.0 1.0 3.0 0.16666666666666666 0.75 0.25 6.0 42.0 0.0 3.0 2.0 4.0 
3.0 5.0 2.0 0.12631578947368421 0.7708333333333334 0.06140350877192982 39.0 200.0 0.0 6.0 4.0 19.0 
0.0 2.0 2.0 0.04411764705882353 0.9090909090909091 0.09411764705882353 25.0 130.0 0.0 12.0 6.0 17.0 
0.0 1.0 3.0 0.06666666666666667 0.6666666666666667 0.13333333333333333 12.0 75.0 0.0 6.0 3.0 10.0 
0.0 3.0 3.0 0.0380952380952381 0.8571428571428571 0.06666666666666667 15.0 81.0 0.0 8.0 4.0 15.0 
0.0 1.0 2.0 0.05454545454545454 0.8 0.15151515151515152 19.0 101.0 0.0 2.0 3.0 11.0 
0.0 2.0 2.0 0.08333333333333333 0.8 0.1111111111111111 9.0 54.0 0.0 6.0 3.0 9.0 
0.0 2.0 3.0 0.0641025641025641 0.8888888888888888 0.11538461538461539 16.0 92.0 0.0 10.0 5.0 13.0 
0.0 2.0 2.0 0.1111111111111111 0.5333333333333333 0.25 19.0 621.0 0.0 0.0 3.0 9.0 
0.0 1.0 3.0 0.08888888888888889 0.6 0.2222222222222222 24.0 111.0 0.0 0.0 2.0 10.0 
0.0 1.0 3.0 0.08888888888888889 0.6 0.2222222222222222 21.0 98.0 0.0 0.0 2.0 10.0 
0.0 2.0 2.0 0.0989010989010989 0.5714285714285714 0.11538461538461539 29.0 148.0 0.0 0.0 2.0 14.0 
4.0 4.0 2.0 0.1111111111111111 0.6571428571428571 0.1875 31.0 157.0 0.0 0.0 7.0 9.0 
0.0 3.0 1.0 0.267425320056899 0.930672268907563 0.0625 77.0 367.0 9.0 0.0 17.0 40.0 
0.0 1.0 1.0 0.14166666666666666 0.7638888888888888 0.15 41.0 170.0 3.0 0.0 6.0 20.0 
0.0 0.0 2.0 0.0 0.0 0.5 15.0 97.0 0.0 0.0 0.0 6.0 
2.0 1.0 1.0 0.26666666666666666 0.3999999999999999 0.5 46.0 217.0 5.0 0.0 5.0 4.0 
3.0 6.0 3.0 0.1168091168091168 0.0 0.0 120.0 570.0 0.0 0.0 0.0 1.0 
0.0 3.0 2.0 0.08333333333333333 0.7916666666666666 0.171875 21.0 108.0 0.0 0.0 4.0 9.0 
13.0 5.0 2.0 0.14814814814814814 0.7416666666666667 0.06172839506172839 131.0 637.0 0.0 0.0 8.0 27.0 
11.0 10.0 2.0 0.1185792349726776 0.9108391608391609 0.048426150121065374 127.0 632.0 2.0 0.0 13.0 59.0 
0.0 1.0 3.0 0.0 0.0 0.0 9.0 50.0 0.0 0.0 0.0 2.0 
1.0 4.0 2.0 0.1471861471861472 0.7708333333333334 0.09848484848484848 46.0 257.0 0.0 0.0 4.0 22.0 
1.0 2.0 4.0 0.054945054945054944 0.7333333333333333 0.14285714285714285 27.0 134.0 0.0 0.0 3.0 14.0 
5.0 3.0 4.0 0.0718954248366013 0.4 0.17777777777777778 44.0 233.0 0.0 0.0 2.0 18.0 
1.0 2.0 4.0 0.054945054945054944 0.7333333333333333 0.14285714285714285 29.0 141.0 0.0 0.0 3.0 14.0 
8.0 2.0 3.0 0.0 0.0 0.14285714285714285 34.0 138.0 0.0 0.0 0.0 7.0 
10.0 2.0 3.0 0.03296703296703297 0.0 0.08571428571428572 30.0 177.0 0.0 0.0 1.0 14.0 
7.0 2.0 3.0 0.06315789473684211 0.8541666666666667 0.08 34.0 199.0 0.0 0.0 6.0 20.0 
11.0 3.0 4.0 0.10833333333333334 0.5555555555555556 0.0875 29.0 167.0 0.0 0.0 3.0 16.0 
1.0 2.0 2.0 0.09523809523809523 0.0 0.08571428571428572 46.0 173.0 0.0 0.0 1.0 15.0 
3.0 9.0 1.0 0.16753201799930773 0.9390243902439024 0.04625 654.0 2722.0 0.0 0.0 45.0 102.0 
31.0 3.0 2.0 0.0 0.0 0.5 17.0 94.0 0.0 0.0 0.0 5.0 
1.0 2.0 2.0 0.14285714285714285 0.0 0.2 29.0 197.0 0.0 0.0 0.0 8.0 
14.0 4.0 2.0 0.13666666666666666 0.8181818181818182 0.08333333333333333 47.0 274.0 0.0 0.0 11.0 24.0 
15.0 9.0 2.0 0.09116809116809117 0.8692307692307693 0.038461538461538464 57.0 354.0 0.0 0.0 10.0 26.0 
6.0 3.0 2.0 0.13071895424836602 0.8148148148148149 0.07352941176470588 53.0 308.0 0.0 0.0 15.0 17.0 
6.0 8.0 3.0 0.08717948717948718 0.8944444444444445 0.05639097744360902 120.0 516.0 0.0 0.0 15.0 38.0 
13.0 8.0 3.0 0.17028985507246377 0.7901785714285714 0.08695652173913043 62.0 407.0 1.0 0.0 16.0 23.0 
0.0 2.0 2.0 0.35 0.6857142857142857 0.1125 41.0 147.0 0.0 0.0 5.0 17.0 
0.0 1.0 3.0 0.08615384615384615 0.0 0.256 105.0 679.0 0.0 0.0 1.0 25.0 
3.0 3.0 2.0 0.08088235294117647 0.5333333333333333 0.058823529411764705 22.0 133.0 0.0 0.0 3.0 17.0 
10.0 2.0 3.0 0.18571428571428572 0.6923076923076923 0.11428571428571428 92.0 397.0 0.0 0.0 8.0 21.0 
14.0 5.0 2.0 0.12433862433862433 0.8555555555555556 0.05555555555555555 68.0 365.0 0.0 0.0 12.0 27.0 
0.0 5.0 3.0 0.05319148936170213 0.9142011834319527 0.043478260869565216 110.0 572.0 0.0 0.0 13.0 46.0 
0.0 2.0 4.0 0.05128205128205128 0.0 0.10416666666666667 18.0 101.0 0.0 1.0 1.0 12.0 
8.0 3.0 5.0 0.09057971014492754 0.6666666666666666 0.07246376811594203 44.0 238.0 0.0 0.0 4.0 23.0 
12.0 6.0 4.0 0.19886363636363635 0.8115942028985508 0.0703125 175.0 661.0 0.0 0.0 6.0 32.0 
0.0 3.0 4.0 0.036231884057971016 0.5333333333333333 0.06521739130434782 40.0 192.0 0.0 0.0 3.0 23.0 
0.0 3.0 2.0 0.16666666666666666 0.42857142857142855 0.06666666666666667 28.0 138.0 0.0 0.0 2.0 15.0 
2.0 3.0 3.0 0.08819345661450925 0.8421052631578947 0.06418918918918919 105.0 470.0 0.0 0.0 12.0 37.0 
10.0 3.0 2.0 0.2777777777777778 0.25 0.16666666666666666 21.0 125.0 0.0 0.0 3.0 8.0 
15.0 3.0 2.0 0.08970099667774087 0.836 0.047619047619047616 64.0 343.0 0.0 0.0 10.0 42.0 
1.0 2.0 2.0 0.0 0.0 0.35714285714285715 27.0 129.0 0.0 0.0 0.0 8.0 
1.0 2.0 2.0 0.06666666666666667 0.0 0.3333333333333333 26.0 126.0 0.0 0.0 1.0 7.0 
8.0 4.0 2.0 0.40350877192982454 0.5166666666666667 0.12698412698412698 84.0 472.0 0.0 0.0 5.0 18.0 
13.0 3.0 2.0 0.09027777777777778 0.8803571428571428 0.047619047619047616 96.0 469.0 0.0 0.0 14.0 63.0 
22.0 9.0 2.0 0.06976744186046512 0.9100529100529101 0.05 80.0 470.0 0.0 0.0 14.0 42.0 
0.0 1.0 2.0 1.0 0.0 0.5 7.0 34.0 0.0 0.0 1.0 3.0 
1.0 3.0 5.0 0.1 0.0 0.3 11.0 58.0 0.0 0.0 2.0 6.0 
0.0 4.0 4.0 0.3 0.3333333333333333 0.4 9.0 49.0 0.0 0.0 2.0 6.0 
1.0 4.0 2.0 0.5111111111111111 0.4375 0.22 28.0 121.0 0.0 0.0 2.0 11.0 
0.0 2.0 1.0 0.0 0.6666666666666666 0.0 3.0 21.0 3.0 0.0 3.0 3.0 
0.0 4.0 2.0 0.5294117647058824 0.7708333333333333 0.2361111111111111 62.0 292.0 0.0 0.0 9.0 19.0 
9.0 3.0 2.0 0.05128205128205128 0.44999999999999996 0.15384615384615385 38.0 188.0 0.0 0.0 5.0 14.0 
0.0 1.0 2.0 0.16666666666666666 0.25 0.5 23.0 100.0 0.0 0.0 2.0 5.0 
0.0 4.0 2.0 0.38461538461538464 0.7435897435897437 0.23214285714285715 38.0 197.0 0.0 0.0 6.0 15.0 
6.0 2.0 2.0 0.027777777777777776 0.0 0.16666666666666666 18.0 100.0 0.0 0.0 4.0 10.0 
0.0 1.0 2.0 0.16666666666666666 0.375 0.5 28.0 115.0 0.0 0.0 4.0 5.0 
0.0 1.0 2.0 0.16666666666666666 0.375 0.5 25.0 106.0 0.0 0.0 4.0 5.0 
10.0 2.0 2.0 0.0 0.0 0.2 29.0 148.0 0.0 0.0 0.0 11.0 
0.0 4.0 2.0 0.5666666666666667 0.7040816326530612 0.2916666666666667 64.0 300.0 0.0 0.0 7.0 17.0 
0.0 3.0 2.0 0.19696969696969696 0.7142857142857143 0.25 37.0 172.0 0.0 0.0 8.0 13.0 
0.0 1.0 2.0 0.0 0.0 0.4 13.0 56.0 0.0 0.0 2.0 6.0 
0.0 4.0 2.0 0.34547908232118757 0.8422360248447205 0.04276315789473684 123.0 557.0 1.0 0.0 23.0 39.0 
0.0 2.0 2.0 0.2857142857142857 0.6666666666666666 0.14285714285714285 16.0 75.0 0.0 0.0 4.0 8.0 
15.0 5.0 3.0 0.08956228956228957 0.9011164274322169 0.044897959183673466 160.0 772.0 0.0 0.0 19.0 49.0 
16.0 3.0 3.0 0.09057971014492754 0.7916666666666666 0.11180124223602485 67.0 320.0 0.0 0.0 6.0 23.0 
0.0 7.0 1.0 0.06323396567299007 0.9306184012066364 0.03299856527977044 233.0 1059.0 0.0 0.0 26.0 82.0 
0.0 2.0 1.0 0.17582417582417584 0.8285714285714285 0.1 33.0 137.0 0.0 0.0 7.0 17.0 
9.0 3.0 3.0 0.0983694199411922 0.7817460317460319 0.09285714285714286 297.0 1324.0 0.0 0.0 6.0 90.0 
0.0 0.0 2.0 0.2857142857142857 0.0 0.2777777777777778 11.0 64.0 0.0 0.0 0.0 6.0 
5.0 4.0 1.0 0.3076441102756892 0.0 0.0 411.0 1775.0 0.0 0.0 0.0 0.0 
5.0 2.0 3.0 0.0 0.0 0.21153846153846154 61.0 357.0 0.0 0.0 0.0 18.0 
13.0 5.0 1.0 0.274310595065312 0.7863247863247863 0.09565217391304348 171.0 700.0 0.0 0.0 6.0 58.0 
4.0 1.0 2.0 0.0 0.0 0.17647058823529413 34.0 224.0 0.0 0.0 0.0 20.0 
0.0 1.0 1.0 0.0 0.16666666666666674 0.0 8.0 42.0 0.0 0.0 3.0 5.0 
0.0 2.0 3.0 0.23809523809523808 0.4666666666666667 0.07142857142857142 29.0 128.0 0.0 0.0 3.0 14.0 
0.0 2.0 3.0 0.23809523809523808 0.4666666666666667 0.07142857142857142 29.0 131.0 0.0 0.0 3.0 14.0 
0.0 1.0 3.0 0.16911764705882354 0.4444444444444445 0.07291666666666667 55.0 250.0 0.0 0.0 3.0 16.0 
0.0 1.0 3.0 0.15833333333333333 0.4 0.09333333333333334 44.0 232.0 0.0 0.0 3.0 15.0 
0.0 1.0 3.0 0.2087912087912088 0.4 0.07692307692307693 42.0 173.0 0.0 0.0 3.0 13.0 
0.0 1.0 3.0 0.18181818181818182 0.375 0.1 16.0 69.0 0.0 0.0 2.0 10.0 
0.0 1.0 3.0 0.05714285714285714 0.8 0.10714285714285714 64.0 309.0 0.0 0.0 6.0 14.0 
0.0 1.0 2.0 0.0 0.0 0.5 2.0 14.0 0.0 0.0 0.0 2.0 
1.0 1.0 3.0 0.2 0.5 0.26666666666666666 12.0 61.0 0.0 0.0 2.0 5.0 
0.0 1.0 1.0 0.32310315430520037 0.2222222222222222 0.06575963718820861 209.0 841.0 0.0 0.0 3.0 69.0 
0.0 5.0 2.0 0.11052631578947368 0.7 0.075 34.0 205.0 0.0 0.0 5.0 20.0 
16.0 1.0 2.0 0.0 0.0 0.24 26.0 132.0 0.0 0.0 0.0 5.0 
14.0 2.0 2.0 0.0 0.0 0.24 39.0 186.0 0.0 0.0 0.0 5.0 
14.0 1.0 2.0 0.0 0.0 0.24 10.0 75.0 0.0 0.0 0.0 5.0 
2.0 2.0 2.0 0.24183006535947713 0.4444444444444444 0.09375 80.0 476.0 0.0 0.0 2.0 18.0 
6.0 5.0 2.0 0.5818181818181818 0.5 0.1 123.0 519.0 0.0 0.0 5.0 11.0 
3.0 1.0 2.0 0.5 0.25 0.375 15.0 72.0 0.0 0.0 2.0 5.0 
1.0 2.0 2.0 0.3333333333333333 0.5714285714285714 0.2222222222222222 22.0 91.0 0.0 0.0 7.0 7.0 
3.0 0.0 2.0 0.4 0.75 0.2 56.0 190.0 0.0 0.0 8.0 6.0 
3.0 1.0 2.0 0.6666666666666666 0.0 0.2222222222222222 27.0 100.0 0.0 0.0 1.0 7.0 
3.0 2.0 2.0 0.2857142857142857 0.6190476190476191 0.25 35.0 154.0 0.0 0.0 7.0 9.0 
2.0 1.0 2.0 0.42857142857142855 0.6666666666666666 0.25 29.0 133.0 0.0 0.0 3.0 10.0 
0.0 3.0 2.0 0.6 0.6666666666666666 0.2 12.0 58.0 0.0 0.0 3.0 6.0 
3.0 4.0 2.0 0.4 0.4666666666666667 0.2222222222222222 25.0 101.0 0.0 0.0 3.0 7.0 
0.0 1.0 1.0 0.1111111111111111 0.9 0.14814814814814814 11.0 71.0 0.0 8.0 5.0 9.0 
2.0 10.0 1.0 0.036923076923076927 0.9657142857142857 0.046153846153846156 32.0 151.0 0.0 26.0 14.0 26.0 
0.0 4.0 1.0 0.14285714285714285 0.875 0.14285714285714285 8.0 50.0 0.0 3.0 4.0 7.0 
0.0 4.0 1.0 0.022222222222222223 0.9782608695652173 0.09777777777777778 47.0 207.0 0.0 33.0 23.0 45.0 
0.0 2.0 1.0 0.09090909090909091 0.9166666666666666 0.36363636363636365 12.0 65.0 0.0 9.0 6.0 11.0 
0.0 1.0 1.0 0.2 0.8333333333333333 0.4 6.0 40.0 0.0 5.0 3.0 5.0 
0.0 3.0 1.0 0.16666666666666666 0.888888888888889 0.25 6.0 41.0 0.0 4.0 3.0 4.0 
0.0 1.0 1.0 0.16666666666666666 0.888888888888889 0.25 6.0 48.0 0.0 4.0 3.0 4.0 
0.0 1.0 1.0 0.14285714285714285 0.7916666666666666 0.21428571428571427 8.0 48.0 0.0 7.0 4.0 7.0 
0.0 2.0 1.0 0.3333333333333333 0.75 0.3333333333333333 4.0 32.0 0.0 3.0 2.0 3.0 
0.0 1.0 1.0 0.3333333333333333 0.75 0.3333333333333333 4.0 32.0 0.0 3.0 2.0 3.0 
0.0 5.0 1.0 0.06666666666666667 0.9375 0.07777777777777778 16.0 85.0 0.0 15.0 8.0 15.0 
0.0 1.0 1.0 0.1111111111111111 0.825 0.4444444444444444 10.0 56.0 0.0 9.0 5.0 9.0 
0.0 1.0 1.0 0.07692307692307693 0.9285714285714285 0.11538461538461539 15.0 92.0 0.0 12.0 7.0 13.0 
0.0 2.0 1.0 0.3333333333333333 0.75 0.3333333333333333 4.0 32.0 0.0 3.0 2.0 3.0 
0.0 1.0 1.0 0.2 0.8333333333333333 0.4 6.0 40.0 0.0 5.0 3.0 5.0 
0.0 3.0 1.0 0.13333333333333333 0.9 0.16666666666666666 8.0 51.0 0.0 6.0 4.0 6.0 
0.0 12.0 1.0 0.03985507246376811 0.9632107023411371 0.041666666666666664 26.0 129.0 0.0 24.0 13.0 24.0 
0.0 2.0 1.0 0.2 0.8333333333333333 0.2 6.0 41.0 0.0 5.0 3.0 5.0 
1.0 2.0 1.0 0.10714285714285714 0.9142857142857144 0.1875 11.0 71.0 0.0 7.0 5.0 8.0 
0.0 7.0 1.0 0.06593406593406594 0.9423076923076923 0.08571428571428572 16.0 86.0 0.0 14.0 8.0 14.0 
0.0 2.0 1.0 0.13333333333333333 0.9 0.3333333333333333 8.0 49.0 0.0 6.0 4.0 6.0 
0.0 3.0 1.0 0.2 0.8333333333333333 0.2 6.0 40.0 0.0 5.0 3.0 5.0 
0.0 1.0 1.0 0.14285714285714285 0.875 0.21428571428571427 8.0 48.0 0.0 7.0 4.0 7.0 
0.0 2.0 1.0 0.10714285714285714 0.8571428571428571 0.1875 10.0 57.0 0.0 8.0 5.0 8.0 
0.0 4.0 1.0 0.07692307692307693 0.9285714285714285 0.09230769230769231 15.0 80.0 0.0 12.0 7.0 13.0 
0.0 3.0 1.0 0.1111111111111111 0.9 0.14814814814814814 10.0 59.0 0.0 9.0 5.0 9.0 
0.0 2.0 1.0 0.3333333333333333 0.75 0.3333333333333333 4.0 32.0 0.0 3.0 2.0 3.0 
0.0 2.0 1.0 0.14285714285714285 0.875 0.21428571428571427 8.0 49.0 0.0 7.0 4.0 7.0 
0.0 1.0 1.0 0.037037037037037035 0.9642857142857143 0.08024691358024691 29.0 145.0 0.0 26.0 14.0 27.0 
1.0 14.0 1.0 0.02127659574468085 0.9592391304347826 0.032624113475177303 54.0 242.0 0.0 47.0 24.0 47.0 
0.0 3.0 1.0 0.08888888888888889 0.925925925925926 0.2 12.0 65.0 0.0 10.0 6.0 10.0 
0.0 2.0 1.0 0.16666666666666666 0.888888888888889 0.25 6.0 41.0 0.0 4.0 3.0 4.0 
0.0 1.0 1.0 0.14285714285714285 0.875 0.42857142857142855 11.0 60.0 0.0 7.0 4.0 7.0 
0.0 1.0 1.0 0.2 0.8333333333333333 0.4 6.0 40.0 0.0 5.0 3.0 5.0 
0.0 0.0 1.0 0.1111111111111111 0.9 0.2222222222222222 10.0 69.0 0.0 9.0 5.0 9.0 
0.0 1.0 1.0 0.2 0.8333333333333333 0.2 6.0 41.0 0.0 5.0 3.0 5.0 
0.0 1.0 1.0 0.1111111111111111 0.9 0.2222222222222222 13.0 68.0 0.0 9.0 5.0 9.0 
0.0 3.0 1.0 0.06593406593406594 0.9423076923076923 0.08571428571428572 16.0 90.0 0.0 14.0 8.0 14.0 
0.0 22.0 1.0 0.02127659574468085 0.9791666666666666 0.02127659574468085 49.0 233.0 0.0 43.0 24.0 47.0 
0.0 2.0 1.0 0.07575757575757576 0.9350649350649352 0.1388888888888889 15.0 78.0 0.0 11.0 7.0 12.0 
0.0 2.0 1.0 0.3333333333333333 0.75 0.3333333333333333 4.0 32.0 0.0 3.0 2.0 3.0 
0.0 2.0 1.0 0.0 1.0 0.0 4.0 32.0 0.0 2.0 2.0 2.0 
0.0 3.0 1.0 0.2 0.8333333333333333 0.2 6.0 41.0 0.0 5.0 3.0 5.0 
2.0 4.0 1.0 0.09090909090909091 0.9166666666666666 0.11363636363636363 14.0 73.0 0.0 11.0 6.0 11.0 
0.0 2.0 1.0 0.2 0.8333333333333333 0.2 6.0 41.0 0.0 5.0 3.0 5.0 
0.0 2.0 1.0 0.0 1.0 0.0 4.0 32.0 0.0 2.0 2.0 2.0 
0.0 3.0 1.0 0.09523809523809523 0.9333333333333332 0.2857142857142857 10.0 58.0 0.0 6.0 5.0 7.0 
0.0 1.0 1.0 0.3333333333333333 0.75 0.3333333333333333 4.0 32.0 0.0 3.0 2.0 3.0 
0.0 1.0 1.0 0.07692307692307693 0.9285714285714285 0.11538461538461539 14.0 73.0 0.0 9.0 7.0 13.0 
0.0 1.0 1.0 0.1111111111111111 0.9 0.14814814814814814 11.0 73.0 0.0 8.0 5.0 9.0 
0.0 1.0 1.0 0.0 0.0 0.0 2.0 23.0 0.0 1.0 1.0 1.0 
0.0 6.0 1.0 0.06666666666666667 0.9375 0.07777777777777778 17.0 89.0 0.0 15.0 8.0 15.0 
0.0 2.0 1.0 0.06593406593406594 0.9423076923076923 0.42857142857142855 16.0 81.0 0.0 14.0 8.0 14.0 
0.0 3.0 1.0 0.2 0.8333333333333333 0.2 6.0 41.0 0.0 5.0 3.0 5.0 
0.0 2.0 1.0 0.0 1.0 0.0 4.0 32.0 0.0 1.0 2.0 2.0 
0.0 3.0 1.0 0.1 0.9375 0.2 8.0 50.0 0.0 5.0 4.0 5.0 
0.0 2.0 1.0 0.0 1.0 0.0 4.0 32.0 0.0 2.0 2.0 2.0 
0.0 2.0 1.0 0.0 1.0 0.0 4.0 32.0 0.0 2.0 2.0 2.0 
0.0 3.0 1.0 0.058333333333333334 0.9481481481481481 0.14583333333333334 20.0 97.0 0.0 16.0 9.0 16.0 
1.0 3.0 1.0 0.047619047619047616 0.9545454545454545 0.06802721088435375 26.0 134.0 0.0 20.0 11.0 21.0 
0.0 1.0 1.0 0.05263157894736842 0.9500000000000001 0.11842105263157894 25.0 127.0 0.0 17.0 10.0 19.0 
0.0 3.0 1.0 0.07692307692307693 0.9285714285714285 0.15384615384615385 15.0 78.0 0.0 13.0 7.0 13.0 
0.0 4.0 1.0 0.07692307692307693 0.8690476190476191 0.11538461538461539 14.0 72.0 0.0 13.0 7.0 13.0 
0.0 2.0 1.0 0.3333333333333333 0.75 0.3333333333333333 6.0 38.0 0.0 2.0 2.0 3.0 
0.0 1.0 1.0 0.0 0.0 0.0 2.0 23.0 0.0 1.0 1.0 1.0 
0.0 2.0 1.0 0.16666666666666666 0.888888888888889 0.25 6.0 41.0 0.0 4.0 3.0 4.0 
0.0 3.0 1.0 0.06060606060606061 0.9545454545454546 0.16666666666666666 16.0 87.0 0.0 12.0 8.0 12.0 
1.0 9.0 1.0 0.04678362573099415 0.9595959595959597 0.06015037593984962 23.0 114.0 0.0 19.0 11.0 19.0 
0.0 3.0 1.0 0.0 1.0 0.0 6.0 41.0 0.0 3.0 3.0 3.0 
0.0 2.0 1.0 0.3333333333333333 0.75 0.3333333333333333 6.0 38.0 0.0 1.0 2.0 3.0 
0.0 2.0 1.0 0.09090909090909091 0.85 0.11363636363636363 12.0 66.0 0.0 11.0 6.0 11.0 
0.0 1.0 1.0 0.0 0.0 0.0 2.0 23.0 0.0 1.0 1.0 1.0 
0.0 3.0 1.0 0.2 0.8333333333333333 0.2 6.0 41.0 0.0 5.0 3.0 5.0 
0.0 3.0 1.0 0.13333333333333333 0.9 0.16666666666666666 10.0 57.0 0.0 4.0 4.0 6.0 
0.0 1.0 1.0 0.0 0.0 0.0 2.0 23.0 0.0 1.0 1.0 1.0 
0.0 1.0 1.0 0.14285714285714285 0.7916666666666666 0.21428571428571427 8.0 48.0 0.0 7.0 4.0 7.0 
0.0 1.0 1.0 0.07692307692307693 0.9285714285714285 0.11538461538461539 15.0 90.0 0.0 12.0 7.0 13.0 
0.0 3.0 1.0 0.09523809523809523 0.9 0.2857142857142857 10.0 58.0 0.0 7.0 5.0 7.0 
0.0 2.0 1.0 0.0 1.0 0.0 4.0 32.0 0.0 2.0 2.0 2.0 
0.0 2.0 1.0 0.13333333333333333 0.9 0.16666666666666666 8.0 49.0 0.0 6.0 4.0 6.0 
0.0 1.0 1.0 0.0 0.0 0.0 2.0 23.0 0.0 1.0 1.0 1.0 
0.0 2.0 1.0 0.3333333333333333 0.75 0.3333333333333333 4.0 32.0 0.0 3.0 2.0 3.0 
0.0 3.0 1.0 0.1111111111111111 0.9 0.14814814814814814 10.0 58.0 0.0 9.0 5.0 9.0 
0.0 1.0 1.0 0.058823529411764705 0.9444444444444444 0.47058823529411764 18.0 88.0 0.0 17.0 9.0 17.0 
0.0 2.0 1.0 0.3333333333333333 0.75 0.3333333333333333 6.0 38.0 0.0 1.0 2.0 3.0 
0.0 1.0 1.0 0.030303030303030304 0.9705882352941176 0.09696969696969697 37.0 166.0 0.0 20.0 17.0 33.0 
0.0 2.0 1.0 0.08888888888888889 0.925925925925926 0.2 12.0 65.0 0.0 10.0 6.0 10.0 
0.0 4.0 1.0 0.08888888888888889 0.925925925925926 0.13333333333333333 13.0 71.0 0.0 9.0 6.0 10.0 
0.0 5.0 1.0 0.07692307692307693 0.9285714285714285 0.07692307692307693 16.0 101.0 0.0 11.0 7.0 13.0 
0.0 1.0 1.0 0.07692307692307693 0.8690476190476191 0.23076923076923078 14.0 72.0 0.0 5.0 7.0 13.0 
0.0 1.0 1.0 0.2 0.8333333333333333 0.2 7.0 44.0 0.0 5.0 3.0 5.0 
0.0 2.0 1.0 0.3333333333333333 0.75 0.3333333333333333 6.0 38.0 0.0 2.0 2.0 3.0 
0.0 1.0 1.0 0.058823529411764705 0.9444444444444444 0.1568627450980392 18.0 89.0 0.0 17.0 9.0 17.0 
0.0 1.0 1.0 0.3333333333333333 0.75 0.3333333333333333 4.0 32.0 0.0 3.0 2.0 3.0 
0.0 2.0 1.0 0.2 0.75 0.2 6.0 41.0 0.0 5.0 3.0 5.0 
0.0 1.0 1.0 0.3333333333333333 0.75 0.3333333333333333 4.0 32.0 0.0 3.0 2.0 3.0 
0.0 3.0 1.0 0.1 0.9375 0.2 8.0 48.0 0.0 5.0 4.0 5.0 
0.0 0.0 1.0 0.0 0.0 0.0 2.0 26.0 0.0 1.0 1.0 1.0 
0.0 0.0 1.0 0.14285714285714285 0.7916666666666666 0.42857142857142855 8.0 51.0 0.0 7.0 4.0 7.0 
0.0 2.0 1.0 0.0 1.0 0.0 4.0 32.0 0.0 1.0 2.0 2.0 
0.0 1.0 1.0 0.047619047619047616 0.9545454545454545 0.09523809523809523 23.0 121.0 0.0 20.0 11.0 21.0 
0.0 1.0 1.0 0.14285714285714285 0.875 0.21428571428571427 10.0 56.0 0.0 7.0 4.0 7.0 
0.0 2.0 1.0 0.0 1.0 0.0 4.0 32.0 0.0 2.0 2.0 2.0 
0.0 1.0 1.0 0.3333333333333333 0.75 0.3333333333333333 4.0 32.0 0.0 3.0 2.0 3.0 
0.0 2.0 1.0 0.3333333333333333 0.75 0.3333333333333333 4.0 32.0 0.0 3.0 2.0 3.0 
0.0 1.0 1.0 0.0 0.0 0.0 2.0 23.0 0.0 1.0 1.0 1.0 
0.0 2.0 1.0 0.16666666666666666 0.888888888888889 0.25 6.0 41.0 0.0 4.0 3.0 4.0 
0.0 3.0 1.0 0.07692307692307693 0.9285714285714285 0.11538461538461539 16.0 81.0 0.0 13.0 7.0 13.0 
0.0 1.0 1.0 0.0 0.0 0.0 2.0 23.0 0.0 1.0 1.0 1.0 
0.0 1.0 1.0 0.0 0.0 0.0 2.0 23.0 0.0 1.0 1.0 1.0 
0.0 1.0 1.0 0.1111111111111111 0.9 0.4444444444444444 10.0 56.0 0.0 9.0 5.0 9.0 
0.0 5.0 1.0 0.1111111111111111 0.9 0.1111111111111111 10.0 59.0 0.0 9.0 5.0 9.0 
0.0 1.0 1.0 0.3333333333333333 0.75 0.3333333333333333 4.0 32.0 0.0 1.0 2.0 3.0 
0.0 1.0 1.0 0.3333333333333333 0.75 0.3333333333333333 4.0 32.0 0.0 3.0 2.0 3.0 
0.0 2.0 1.0 0.3333333333333333 0.75 0.0 6.0 38.0 0.0 1.0 2.0 3.0 
0.0 2.0 1.0 0.3333333333333333 0.75 0.3333333333333333 4.0 32.0 0.0 3.0 2.0 3.0 
0.0 1.0 1.0 0.1111111111111111 0.9 0.2222222222222222 10.0 57.0 0.0 9.0 5.0 9.0 
0.0 7.0 1.0 0.03985507246376811 0.9632107023411371 0.06547619047619048 26.0 126.0 0.0 20.0 13.0 24.0 
0.0 1.0 1.0 0.09090909090909091 0.9166666666666666 0.11363636363636363 13.0 80.0 0.0 10.0 6.0 11.0 
1.0 11.0 1.0 0.037037037037037035 0.9642857142857143 0.040123456790123455 29.0 141.0 0.0 27.0 14.0 27.0 
2.0 3.0 1.0 0.05263157894736842 0.9500000000000001 0.06766917293233082 24.0 126.0 0.0 18.0 10.0 19.0 
0.0 2.0 1.0 0.10714285714285714 0.9142857142857144 0.1875 10.0 57.0 0.0 8.0 5.0 8.0 
0.0 2.0 1.0 0.0 1.0 0.0 4.0 32.0 0.0 2.0 2.0 2.0 
0.0 1.0 1.0 0.03225806451612903 0.96875 0.24193548387096775 41.0 181.0 0.0 31.0 16.0 31.0 
0.0 1.0 1.0 0.3333333333333333 0.75 0.3333333333333333 4.0 32.0 0.0 3.0 2.0 3.0 
0.0 1.0 1.0 0.0 0.0 0.0 2.0 23.0 0.0 1.0 1.0 1.0 
0.0 2.0 1.0 0.2 0.8333333333333333 0.2 6.0 41.0 0.0 5.0 3.0 5.0 
0.0 2.0 1.0 0.13333333333333333 0.9 0.16666666666666666 9.0 54.0 0.0 6.0 4.0 6.0 
0.0 1.0 1.0 0.1111111111111111 0.9 0.14814814814814814 10.0 57.0 0.0 9.0 5.0 9.0 
0.0 0.0 1.0 0.13333333333333333 0.9 0.16666666666666666 9.0 57.0 0.0 5.0 4.0 6.0 
0.0 4.0 1.0 0.058823529411764705 0.9444444444444444 0.0784313725490196 20.0 99.0 0.0 17.0 9.0 17.0 
0.0 1.0 1.0 0.14285714285714285 0.875 0.21428571428571427 9.0 52.0 0.0 7.0 4.0 7.0 
0.0 0.0 1.0 0.0 0.0 0.0 2.0 25.0 0.0 1.0 1.0 1.0 
0.0 1.0 1.0 0.2 0.8333333333333333 0.4 6.0 40.0 0.0 5.0 3.0 5.0 
0.0 2.0 1.0 0.3333333333333333 0.75 0.3333333333333333 4.0 32.0 0.0 3.0 2.0 3.0 
0.0 2.0 1.0 0.0 1.0 0.0 4.0 32.0 0.0 2.0 2.0 2.0 
2.0 3.0 1.0 0.06666666666666667 0.9375 0.07777777777777778 20.0 112.0 0.0 14.0 8.0 15.0 
0.0 2.0 1.0 0.0 1.0 0.0 4.0 32.0 0.0 2.0 2.0 2.0 
0.0 2.0 1.0 0.16666666666666666 0.888888888888889 0.25 6.0 41.0 0.0 4.0 3.0 4.0 
0.0 2.0 1.0 0.3333333333333333 0.75 0.3333333333333333 4.0 32.0 0.0 3.0 2.0 3.0 
0.0 2.0 1.0 0.3333333333333333 0.75 0.3333333333333333 4.0 32.0 0.0 3.0 2.0 3.0 
0.0 2.0 1.0 0.3333333333333333 0.75 0.3333333333333333 4.0 32.0 0.0 3.0 2.0 3.0 
0.0 1.0 1.0 0.2 0.8333333333333333 0.4 6.0 40.0 0.0 5.0 3.0 5.0 
0.0 1.0 1.0 0.2 0.8333333333333333 0.2 6.0 38.0 0.0 5.0 3.0 5.0 
0.0 2.0 1.0 0.16666666666666666 0.888888888888889 0.25 6.0 42.0 0.0 4.0 3.0 4.0 
0.0 1.0 1.0 0.14285714285714285 0.875 0.42857142857142855 8.0 48.0 0.0 7.0 4.0 7.0 
0.0 2.0 1.0 0.16666666666666666 0.888888888888889 0.25 6.0 41.0 0.0 3.0 3.0 4.0 
0.0 3.0 1.0 0.13333333333333333 0.9 0.16666666666666666 8.0 50.0 0.0 6.0 4.0 6.0 
0.0 1.0 1.0 0.0 0.0 0.0 2.0 23.0 0.0 1.0 1.0 1.0 
0.0 3.0 1.0 0.14285714285714285 0.875 0.14285714285714285 8.0 50.0 0.0 5.0 4.0 7.0 
0.0 2.0 1.0 0.16666666666666666 0.888888888888889 0.25 6.0 42.0 0.0 4.0 3.0 4.0 
0.0 3.0 1.0 0.09090909090909091 0.9166666666666666 0.11363636363636363 12.0 66.0 0.0 11.0 6.0 11.0 
0.0 2.0 1.0 0.13333333333333333 0.9 0.3333333333333333 8.0 50.0 0.0 6.0 4.0 6.0 
0.0 3.0 1.0 0.0 1.0 0.0 6.0 41.0 0.0 3.0 3.0 3.0 
0.0 5.0 1.0 0.1111111111111111 0.9 0.1111111111111111 10.0 59.0 0.0 5.0 5.0 9.0 
0.0 1.0 1.0 0.2 0.8333333333333333 0.4 6.0 40.0 0.0 5.0 3.0 5.0 
1.0 2.0 1.0 0.06666666666666667 0.9333333333333333 0.1 20.0 105.0 0.0 14.0 8.0 16.0 
0.0 2.0 1.0 0.3333333333333333 0.75 0.3333333333333333 4.0 32.0 0.0 3.0 2.0 3.0 
0.0 0.0 1.0 0.2 0.8 0.25 6.0 37.0 0.0 6.0 3.0 6.0 
0.0 4.0 1.0 0.14285714285714285 0.875 0.14285714285714285 8.0 50.0 0.0 7.0 4.0 7.0 
0.0 3.0 1.0 0.2 0.8333333333333333 0.2 6.0 41.0 0.0 5.0 3.0 5.0 
0.0 1.0 1.0 0.2 0.8333333333333333 0.4 6.0 40.0 0.0 5.0 3.0 5.0 
0.0 0.0 1.0 0.13333333333333333 0.9 0.3333333333333333 9.0 57.0 0.0 5.0 4.0 6.0 
0.0 2.0 1.0 0.3333333333333333 0.75 0.3333333333333333 4.0 32.0 0.0 3.0 2.0 3.0 
0.0 2.0 1.0 0.3333333333333333 0.75 0.3333333333333333 4.0 32.0 0.0 3.0 2.0 3.0 
0.0 1.0 1.0 0.1111111111111111 0.9 0.14814814814814814 11.0 71.0 0.0 8.0 5.0 9.0 
0.0 4.0 1.0 0.1 0.9375 0.2 8.0 50.0 0.0 5.0 4.0 5.0 
0.0 4.0 1.0 0.06593406593406594 0.9423076923076923 0.10714285714285714 16.0 82.0 0.0 14.0 8.0 14.0 
0.0 0.0 1.0 0.3333333333333333 0.6666666666666666 0.5 4.0 27.0 0.0 4.0 2.0 4.0 
0.0 1.0 1.0 0.2 0.8333333333333333 0.4 6.0 40.0 0.0 5.0 3.0 5.0 
0.0 3.0 1.0 0.08888888888888889 0.925925925925926 0.13333333333333333 12.0 66.0 0.0 10.0 6.0 10.0 
0.0 1.0 1.0 0.0 0.0 0.0 2.0 23.0 0.0 1.0 1.0 1.0 
0.0 1.0 1.0 0.1111111111111111 0.825 0.2222222222222222 10.0 56.0 0.0 9.0 5.0 9.0 
0.0 0.0 1.0 0.07692307692307693 0.9285714285714285 0.11538461538461539 14.0 80.0 0.0 13.0 7.0 13.0 
0.0 3.0 1.0 0.022222222222222223 0.9777777777777777 0.0625 49.0 229.0 0.0 44.0 23.0 46.0 
0.0 4.0 1.0 0.07692307692307693 0.9285714285714285 0.09230769230769231 14.0 75.0 0.0 13.0 7.0 13.0 
2.0 3.0 1.0 0.058823529411764705 0.9444444444444444 0.0784313725490196 23.0 120.0 0.0 16.0 9.0 17.0 
0.0 6.0 1.0 0.06666666666666667 0.9375 0.06666666666666667 16.0 85.0 0.0 11.0 8.0 15.0 
0.0 4.0 1.0 0.08888888888888889 0.925925925925926 0.13333333333333333 12.0 67.0 0.0 10.0 6.0 10.0 
0.0 2.0 1.0 0.16666666666666666 0.888888888888889 0.25 6.0 42.0 0.0 4.0 3.0 4.0 
0.0 2.0 1.0 0.13333333333333333 0.9 0.16666666666666666 8.0 49.0 0.0 6.0 4.0 6.0 
0.0 0.0 2.0 0.0 0.0 0.3333333333333333 7.0 35.0 0.0 0.0 0.0 3.0 
0.0 0.0 1.0 0.0 0.0 0.25 6.0 27.0 0.0 0.0 0.0 4.0 
7.0 0.0 1.0 0.0 0.0 0.5 213.0 800.0 0.0 0.0 0.0 8.0 
0.0 0.0 2.0 0.0 0.0 0.5 2.0 14.0 0.0 0.0 0.0 2.0 
0.0 0.0 3.0 0.2 0.0 0.2 6.0 31.0 0.0 0.0 1.0 5.0 
0.0 0.0 3.0 0.09166666666666666 0.761904761904762 0.08888888888888889 26.0 133.0 0.0 0.0 6.0 15.0 
0.0 0.0 2.0 0.2 0.0 0.2 27.0 63.0 0.0 0.0 2.0 5.0 
0.0 0.0 2.0 0.10476190476190476 0.6333333333333333 0.09523809523809523 22.0 113.0 0.0 0.0 5.0 14.0 
0.0 1.0 1.0 0.1111111111111111 0.41666666666666663 0.125 21.0 122.0 0.0 0.0 3.0 9.0 
0.0 3.0 1.0 0.7142857142857143 0.16666666666666666 0.14285714285714285 27.0 100.0 0.0 0.0 4.0 9.0 
0.0 0.0 1.0 0.3333333333333333 0.7708333333333334 0.13333333333333333 82.0 425.0 0.0 0.0 12.0 15.0 
5.0 1.0 2.0 0.2833333333333333 0.6103896103896104 0.2857142857142857 46.0 253.0 0.0 0.0 7.0 15.0 
0.0 0.0 1.0 0.23636363636363636 0.5625 0.22 48.0 323.0 0.0 1.0 4.0 10.0 
4.0 1.0 2.0 0.30303030303030304 0.380952380952381 0.3 34.0 165.0 0.0 0.0 3.0 12.0 
0.0 0.0 1.0 0.38181818181818183 0.7222222222222223 0.26666666666666666 60.0 308.0 0.0 0.0 9.0 10.0 
4.0 1.0 2.0 0.26666666666666666 0.65 0.23076923076923078 27.0 156.0 0.0 0.0 6.0 14.0 
0.0 0.0 1.0 0.3055555555555556 0.6333333333333333 0.5 24.0 123.0 0.0 0.0 6.0 8.0 
1.0 1.0 2.0 0.06060606060606061 0.0 0.08333333333333333 38.0 306.0 0.0 0.0 1.0 12.0 
0.0 4.0 1.0 0.23529411764705882 0.8333333333333334 0.04296875 67.0 364.0 0.0 0.0 8.0 32.0 
0.0 5.0 1.0 0.11649659863945579 0.926530612244898 0.044270833333333336 102.0 533.0 0.0 0.0 14.0 48.0 
0.0 0.0 1.0 0.16666666666666666 0.33333333333333326 0.3333333333333333 9.0 60.0 0.0 0.0 3.0 4.0 
0.0 2.0 4.0 0.2222222222222222 0.5 0.19047619047619047 31.0 237.0 0.0 0.0 5.0 8.0 
3.0 5.0 1.0 0.14174972314507198 0.9095238095238095 0.044444444444444446 127.0 612.0 0.0 0.0 18.0 40.0 
4.0 0.0 2.0 0.0 0.0 0.0 12.0 54.0 0.0 0.0 1.0 3.0 
3.0 3.0 1.0 0.2757475083056478 0.8416422287390029 0.06395348837209303 110.0 524.0 0.0 0.0 11.0 43.0 
6.0 1.0 2.0 0.0 0.0 0.2 32.0 178.0 0.0 0.0 0.0 5.0 
6.0 1.0 1.0 0.2 0.6166666666666667 0.18518518518518517 29.0 194.0 9.0 0.0 10.0 10.0 
0.0 0.0 2.0 0.0 0.0 0.4 17.0 104.0 0.0 0.0 0.0 5.0 
0.0 4.0 1.0 0.2111111111111111 0.8589743589743589 0.0380952380952381 77.0 426.0 0.0 0.0 9.0 35.0 
0.0 3.0 1.0 0.05 0.84375 0.07777777777777778 50.0 266.0 0.0 0.0 4.0 15.0 
3.0 2.0 2.0 0.0 0.0 0.2222222222222222 10.0 78.0 0.0 0.0 0.0 6.0 
0.0 3.0 4.0 0.03684210526315789 0.7333333333333333 0.06140350877192982 42.0 199.0 0.0 0.0 3.0 19.0 
11.0 2.0 2.0 0.11594202898550725 0.6590909090909091 0.08695652173913043 99.0 414.0 0.0 0.0 4.0 23.0 
0.0 2.0 4.0 0.02528735632183908 0.9017857142857143 0.06206896551724138 74.0 381.0 0.0 0.0 8.0 29.0 
0.0 4.0 4.0 0.13725490196078433 0.8333333333333334 0.08823529411764706 52.0 228.0 0.0 0.0 7.0 17.0 
10.0 2.0 4.0 0.052307692307692305 0.8333333333333334 0.05 79.0 377.0 0.0 0.0 6.0 25.0 
7.0 3.0 2.0 0.125 0.0 0.1 31.0 161.0 0.0 0.0 1.0 15.0 
2.0 3.0 2.0 0.19298245614035087 0.696969696969697 0.05555555555555555 49.0 252.0 0.0 0.0 6.0 18.0 
2.0 1.0 4.0 0.0 0.0 0.4 9.0 74.0 0.0 0.0 0.0 5.0 
2.0 2.0 2.0 0.0735930735930736 0.7222222222222222 0.05555555555555555 39.0 199.0 0.0 0.0 4.0 21.0 
2.0 2.0 2.0 0.043478260869565216 0.75 0.050724637681159424 65.0 286.0 0.0 0.0 4.0 23.0 
2.0 2.0 2.0 0.033846153846153845 0.8400000000000001 0.05333333333333334 55.0 268.0 0.0 0.0 5.0 25.0 
4.0 4.0 2.0 0.05228758169934641 0.7999999999999999 0.07058823529411765 27.0 188.0 0.0 0.0 5.0 17.0 
9.0 1.0 4.0 0.0 0.0 0.08823529411764706 26.0 145.0 0.0 0.0 0.0 17.0 
10.0 3.0 2.0 0.07692307692307693 0.5 0.08333333333333333 28.0 160.0 0.0 0.0 2.0 12.0 
3.0 3.0 3.0 0.09803921568627451 0.5833333333333334 0.06862745098039216 40.0 199.0 0.0 0.0 2.0 17.0 
3.0 3.0 2.0 0.06159420289855073 0.7222222222222222 0.08695652173913043 56.0 287.0 0.0 0.0 4.0 23.0 
3.0 2.0 3.0 0.2777777777777778 0.125 0.20833333333333334 36.0 213.0 0.0 0.0 2.0 8.0 
3.0 3.0 4.0 0.06884057971014493 0.75 0.06956521739130435 35.0 209.0 0.0 0.0 4.0 23.0 
3.0 2.0 2.0 0.0 0.0 0.2 15.0 87.0 0.0 0.0 0.0 5.0 
3.0 3.0 2.0 0.14035087719298245 0.5 0.08333333333333333 35.0 195.0 0.0 0.0 3.0 18.0 
8.0 5.0 2.0 0.1471861471861472 0.6666666666666666 0.047619047619047616 40.0 192.0 0.0 0.0 3.0 21.0 
3.0 2.0 2.0 0.0380952380952381 0.8333333333333333 0.09523809523809523 36.0 206.0 0.0 0.0 3.0 14.0 
0.0 5.0 2.0 0.1 0.76 0.09166666666666666 62.0 288.0 0.0 0.0 5.0 20.0 
0.0 5.0 2.0 0.050724637681159424 0.82 0.07246376811594203 59.0 307.0 0.0 0.0 5.0 23.0 
3.0 3.0 2.0 0.06535947712418301 0.75 0.07058823529411765 45.0 244.0 0.0 0.0 4.0 17.0 
3.0 3.0 2.0 0.09166666666666666 0.5 0.06666666666666667 28.0 163.0 0.0 0.0 2.0 15.0 
3.0 2.0 4.0 0.06719367588932806 0.8148148148148149 0.06060606060606061 55.0 261.0 0.0 0.0 6.0 22.0 
3.0 2.0 3.0 0.2777777777777778 0.0 0.20833333333333334 54.0 267.0 0.0 0.0 1.0 8.0 
3.0 4.0 3.0 0.1286549707602339 0.5416666666666666 0.08333333333333333 40.0 221.0 0.0 0.0 3.0 18.0 
10.0 7.0 2.0 0.08307692307692308 0.8560606060606061 0.06666666666666667 70.0 428.0 0.0 0.0 22.0 25.0 
3.0 4.0 2.0 0.08088235294117647 0.6666666666666666 0.075 28.0 171.0 0.0 0.0 3.0 16.0 
3.0 2.0 4.0 0.04 0.8727272727272727 0.05142857142857143 41.0 194.0 0.0 0.0 5.0 25.0 
0.0 3.0 4.0 0.05714285714285714 0.7333333333333333 0.07142857142857142 22.0 123.0 0.0 0.0 3.0 14.0 
2.0 2.0 4.0 0.07692307692307693 0.0 0.10416666666666667 34.0 149.0 0.0 0.0 1.0 12.0 
3.0 3.0 4.0 0.0743321718931475 0.8666666666666667 0.04878048780487805 69.0 336.0 0.0 0.0 10.0 41.0 
3.0 2.0 4.0 0.09803921568627451 0.71875 0.058823529411764705 34.0 194.0 0.0 0.0 4.0 17.0 
3.0 3.0 2.0 0.07142857142857142 0.8095238095238095 0.07 57.0 280.0 0.0 0.0 7.0 20.0 
3.0 3.0 2.0 0.125 0.5714285714285714 0.09375 29.0 167.0 0.0 0.0 3.0 16.0 
3.0 5.0 2.0 0.11594202898550725 0.7846153846153846 0.06956521739130435 52.0 276.0 0.0 0.0 5.0 23.0 
3.0 2.0 4.0 0.0 0.0 0.2 19.0 86.0 0.0 0.0 0.0 5.0 
3.0 2.0 3.0 0.0 0.0 0.2 18.0 87.0 0.0 0.0 0.0 5.0 
3.0 2.0 3.0 0.15263157894736842 0.625 0.08421052631578947 59.0 319.0 0.0 0.0 4.0 19.0 
0.0 3.0 4.0 0.043333333333333335 0.8 0.06944444444444445 86.0 400.0 0.0 0.0 4.0 24.0 
3.0 2.0 4.0 0.045454545454545456 0.0 0.09090909090909091 23.0 119.0 0.0 0.0 1.0 11.0 
15.0 5.0 2.0 0.06451612903225806 0.875 0.05416666666666667 96.0 472.0 0.0 0.0 10.0 30.0 
3.0 3.0 2.0 0.07692307692307693 0.0 0.08333333333333333 34.0 183.0 0.0 0.0 1.0 12.0 
3.0 7.0 4.0 0.519327731092437 0.8277777777777777 0.0481283422459893 47.0 260.0 0.0 0.0 6.0 34.0 
3.0 2.0 4.0 0.125 0.5833333333333334 0.08 37.0 209.0 0.0 0.0 2.0 15.0 
6.0 1.0 4.0 0.0 0.0 0.4 17.0 93.0 0.0 0.0 0.0 5.0 
3.0 3.0 2.0 0.14035087719298245 0.5 0.08333333333333333 45.0 227.0 0.0 0.0 3.0 18.0 
3.0 3.0 2.0 0.06593406593406594 0.0 0.07692307692307693 25.0 138.0 0.0 0.0 1.0 13.0 
12.0 6.0 4.0 0.041379310344827586 0.9010989010989011 0.04926108374384237 69.0 407.0 0.0 0.0 13.0 29.0 
3.0 4.0 3.0 0.056666666666666664 0.9107142857142857 0.075 101.0 418.0 0.0 0.0 14.0 24.0 
3.0 2.0 2.0 0.05 0.5 0.06666666666666667 28.0 140.0 0.0 0.0 2.0 15.0 
3.0 2.0 2.0 0.05128205128205128 0.5 0.08333333333333333 21.0 118.0 0.0 0.0 2.0 12.0 
3.0 2.0 2.0 0.08496732026143791 0.6666666666666666 0.08823529411764706 29.0 164.0 0.0 0.0 5.0 17.0 
12.0 2.0 4.0 0.09558823529411764 0.5 0.075 29.0 181.0 0.0 0.0 2.0 16.0 
3.0 3.0 2.0 0.08333333333333333 0.0 0.06666666666666667 27.0 138.0 0.0 0.0 1.0 15.0 
3.0 2.0 2.0 0.0735930735930736 0.7222222222222222 0.05555555555555555 39.0 199.0 0.0 0.0 4.0 21.0 
11.0 2.0 4.0 0.0 0.0 0.21428571428571427 14.0 81.0 0.0 0.0 0.0 7.0 
0.0 3.0 2.0 0.07526881720430108 0.8214285714285714 0.05238095238095238 77.0 364.0 0.0 0.0 7.0 30.0 
3.0 2.0 2.0 0.03162055335968379 0.8125 0.05303030303030303 41.0 207.0 0.0 0.0 4.0 22.0 
3.0 2.0 2.0 0.0 0.0 0.2 9.0 59.0 0.0 0.0 0.0 5.0 
3.0 2.0 2.0 0.15151515151515152 0.0 0.09090909090909091 18.0 104.0 0.0 0.0 1.0 11.0 
4.0 3.0 2.0 0.08620689655172414 0.8285714285714286 0.05952380952380952 62.0 313.0 0.0 0.0 7.0 28.0 
0.0 0.0 2.0 0.16666666666666666 0.5 0.375 9.0 44.0 0.0 0.0 2.0 6.0 
0.0 0.0 6.0 1.0 0.0 0.0 6.0 38.0 0.0 0.0 1.0 3.0 
0.0 0.0 2.0 0.4722222222222222 0.5416666666666666 0.3333333333333333 17.0 75.0 1.0 0.0 3.0 10.0 
0.0 0.0 6.0 0.18181818181818182 0.888888888888889 0.21428571428571427 13.0 142.0 0.0 0.0 9.0 10.0 
0.0 0.0 5.0 0.0 0.0 0.0 1.0 26.0 0.0 0.0 1.0 1.0 
0.0 0.0 6.0 0.3333333333333333 0.6666666666666666 0.0 14.0 133.0 0.0 0.0 6.0 3.0 
0.0 1.0 4.0 0.08333333333333333 0.16666666666666674 1.0 25.0 147.0 0.0 0.0 3.0 4.0 
0.0 0.0 6.0 0.06666666666666667 0.5 0.5 21.0 112.0 0.0 0.0 2.0 7.0 
0.0 2.0 6.0 0.3717948717948718 0.75 0.16666666666666666 10.0 98.0 0.0 0.0 6.0 10.0 
0.0 0.0 2.0 0.3333333333333333 0.5555555555555555 0.0 8.0 57.0 0.0 0.0 3.0 5.0 
1.0 0.0 6.0 0.0 0.8571428571428571 0.3333333333333333 23.0 170.0 0.0 0.0 7.0 4.0 
0.0 0.0 6.0 0.5 0.0 0.0 11.0 98.0 0.0 0.0 1.0 5.0 
0.0 0.0 2.0 0.14285714285714285 0.0 0.16666666666666666 12.0 69.0 0.0 0.0 1.0 6.0 
0.0 1.0 5.0 0.4175824175824176 0.6666666666666666 0.14285714285714285 24.0 218.0 0.0 0.0 4.0 9.0 
0.0 2.0 3.0 0.0 0.0 0.11764705882352941 42.0 136.0 0.0 0.0 0.0 37.0 
0.0 2.0 5.0 0.03918367346938775 0.9251700680272108 0.0425 134.0 734.0 0.0 7.0 35.0 51.0 
0.0 0.0 2.0 0.0 0.6666666666666666 0.0 4.0 25.0 0.0 0.0 3.0 4.0 
0.0 0.0 5.0 0.1286549707602339 0.8461538461538461 0.07602339181286549 39.0 222.0 0.0 1.0 9.0 20.0 
0.0 0.0 2.0 0.0 0.0 0.0 1.0 8.0 0.0 0.0 0.0 1.0 
0.0 0.0 1.0 0.5177865612648221 0.4444444444444444 0.23333333333333334 112.0 425.0 0.0 0.0 3.0 12.0 
0.0 1.0 1.0 0.3323076923076923 0.75 0.14285714285714285 117.0 513.0 0.0 0.0 4.0 8.0 
0.0 2.0 2.0 0.4666666666666667 0.6666666666666666 0.16666666666666666 10.0 50.0 0.0 0.0 4.0 9.0 
2.0 0.0 1.0 0.0 0.0 0.0 2.0 40.0 0.0 0.0 0.0 0.0 
0.0 1.0 2.0 0.0 0.8333333333333334 0.0 11.0 49.0 0.0 0.0 6.0 9.0 
0.0 1.0 2.0 0.0 0.5 0.0 5.0 22.0 0.0 0.0 2.0 3.0 
0.0 1.0 2.0 0.0 0.0 0.0 2.0 14.0 0.0 0.0 1.0 2.0 
0.0 1.0 2.0 0.0 0.8333333333333334 0.0 11.0 50.0 0.0 0.0 6.0 9.0 
0.0 0.0 2.0 0.1111111111111111 0.8 0.125 12.0 53.0 0.0 0.0 5.0 12.0 
0.0 2.0 2.0 0.054945054945054944 0.9047619047619048 0.08928571428571429 16.0 73.0 0.0 0.0 9.0 16.0 
0.0 1.0 2.0 0.0 0.0 0.0 2.0 15.0 0.0 0.0 1.0 2.0 
0.0 2.0 2.0 0.0 0.5 0.0 4.0 24.0 0.0 0.0 2.0 4.0 
0.0 3.0 2.0 0.2857142857142857 0.6875 0.125 11.0 59.0 0.0 0.0 4.0 11.0 
0.0 0.0 2.0 0.0 0.5 0.0 3.0 19.0 0.0 0.0 2.0 3.0 
0.0 2.0 2.0 0.0 0.8 0.0 7.0 40.0 0.0 0.0 5.0 6.0 
0.0 0.0 2.0 0.0 0.5 0.0 4.0 22.0 0.0 0.0 2.0 4.0 
0.0 1.0 1.0 0.5714285714285714 0.6481481481481481 0.19047619047619047 19.0 94.0 0.0 0.0 9.0 9.0 
0.0 0.0 6.0 0.0 0.0 0.0 1.0 8.0 0.0 0.0 0.0 1.0 
0.0 2.0 3.0 0.12659698025551683 0.7894736842105263 0.1336996336996337 208.0 1284.0 0.0 0.0 9.0 44.0 
0.0 2.0 1.0 0.3047619047619048 0.8106060606060606 0.11428571428571428 56.0 230.0 0.0 0.0 11.0 15.0 
2.0 2.0 6.0 0.1523809523809524 0.8080808080808082 0.14545454545454545 51.0 436.0 0.0 0.0 11.0 12.0 
0.0 0.0 1.0 0.009230769230769232 0.0 0.0 30.0 145.0 0.0 0.0 0.0 0.0 
0.0 3.0 6.0 0.3742690058479532 0.8444444444444444 0.1111111111111111 23.0 323.0 0.0 0.0 20.0 10.0 
0.0 2.0 2.0 0.5636363636363636 0.5185185185185186 0.09090909090909091 24.0 126.0 0.0 0.0 3.0 11.0 
0.0 0.0 1.0 0.008097165991902834 0.0 0.0 50.0 246.0 0.0 0.0 0.0 0.0 
0.0 4.0 2.0 0.37318840579710144 0.8131313131313131 0.058333333333333334 98.0 464.0 0.0 0.0 9.0 24.0 
7.0 1.0 1.0 0.24444444444444444 0.625 0.4074074074074074 87.0 332.0 0.0 0.0 4.0 10.0 
0.0 0.0 2.0 0.0 0.0 0.0 1.0 9.0 0.0 0.0 0.0 1.0 
12.0 0.0 1.0 0.0 0.19999999999999996 0.0 52.0 271.0 0.0 0.0 5.0 3.0 
0.0 0.0 3.0 0.0 0.0 0.0 1.0 8.0 0.0 0.0 0.0 1.0 
0.0 1.0 6.0 0.2 0.5833333333333334 0.12121212121212122 12.0 79.0 0.0 0.0 2.0 11.0 
0.0 0.0 1.0 0.13333333333333333 0.8055555555555557 0.16666666666666666 17.0 82.0 0.0 0.0 6.0 8.0 
0.0 1.0 5.0 0.0 0.0 0.0 3.0 69.0 0.0 0.0 0.0 1.0 
7.0 5.0 6.0 0.6371794871794871 0.7678571428571428 0.1503267973856209 100.0 1015.0 0.0 0.0 7.0 18.0 
0.0 0.0 2.0 1.0 0.0 0.3333333333333333 11.0 42.0 0.0 0.0 1.0 7.0 
0.0 1.0 7.0 1.0 0.0 0.0 16.0 105.0 0.0 0.0 4.0 2.0 
1.0 1.0 6.0 0.7205882352941176 0.8214285714285714 0.2 25.0 583.0 0.0 0.0 14.0 5.0 
0.0 2.0 7.0 1.0 0.0 0.3333333333333333 17.0 90.0 0.0 0.0 1.0 3.0 
0.0 1.0 7.0 0.8727272727272727 0.625 0.3333333333333333 14.0 229.0 0.0 0.0 8.0 3.0 
0.0 2.0 6.0 0.6 0.0 0.0 6.0 120.0 0.0 0.0 4.0 2.0 
0.0 2.0 7.0 0.7 0.5833333333333334 0.25 11.0 136.0 0.0 0.0 4.0 4.0 
0.0 2.0 6.0 0.4 0.5 0.25 7.0 64.0 0.0 0.0 2.0 4.0 
0.0 0.0 8.0 0.0 0.0 0.0 2.0 21.0 0.0 0.0 0.0 2.0 
2.0 3.0 6.0 0.6 0.0 0.0 11.0 158.0 0.0 0.0 6.0 2.0 
0.0 4.0 6.0 0.42857142857142855 0.6000000000000001 0.25 7.0 115.0 0.0 0.0 5.0 4.0 
0.0 1.0 6.0 0.9010989010989011 0.7857142857142857 0.0 12.0 299.0 0.0 0.0 14.0 4.0 
0.0 3.0 6.0 0.6 0.0 0.0 16.0 151.0 0.0 0.0 5.0 2.0 
0.0 3.0 6.0 0.42857142857142855 0.75 0.25 7.0 136.0 0.0 0.0 4.0 4.0 
0.0 1.0 7.0 1.0 0.0 0.5 2.0 27.0 0.0 0.0 1.0 2.0 
0.0 0.0 8.0 0.0 0.0 0.0 2.0 21.0 0.0 0.0 0.0 2.0 
0.0 1.0 6.0 0.9010989010989011 0.7272727272727272 0.0 12.0 271.0 0.0 0.0 11.0 4.0 
0.0 0.0 6.0 1.0 0.0 0.0 4.0 37.0 0.0 0.0 1.0 2.0 
0.0 0.0 6.0 0.5897435897435898 0.7857142857142857 0.0 22.0 266.0 0.0 0.0 14.0 3.0 
0.0 1.0 6.0 0.3333333333333333 0.0 0.3333333333333333 3.0 30.0 0.0 0.0 1.0 3.0 
0.0 1.0 7.0 1.0 0.0 0.5 13.0 82.0 0.0 0.0 1.0 2.0 
0.0 2.0 6.0 0.5833333333333334 0.5555555555555555 0.16666666666666666 11.0 124.0 0.0 0.0 3.0 6.0 
0.0 0.0 7.0 0.0 0.0 0.2 8.0 73.0 0.0 0.0 0.0 5.0 
0.0 0.0 7.0 0.0 0.0 0.2 8.0 73.0 0.0 0.0 0.0 5.0 
0.0 1.0 2.0 0.0 0.0 0.0 2.0 13.0 0.0 0.0 0.0 2.0 
0.0 0.0 5.0 0.4888888888888889 0.7000000000000001 0.14285714285714285 12.0 101.0 0.0 0.0 5.0 8.0 
0.0 3.0 5.0 0.15714285714285714 0.8632478632478632 0.07058823529411765 31.0 218.0 0.0 0.0 9.0 18.0 
0.0 4.0 5.0 0.12807881773399016 0.9021739130434783 0.07428571428571429 40.0 286.0 0.0 0.0 16.0 26.0 
0.0 0.0 1.0 0.16666666666666666 0.8625 0.0 79.0 300.0 0.0 0.0 8.0 12.0 
0.0 2.0 6.0 0.24358974358974358 0.8796296296296295 0.1111111111111111 14.0 136.0 0.0 0.0 12.0 10.0 
0.0 4.0 5.0 0.1956521739130435 0.8681818181818182 0.06349206349206349 37.0 239.0 0.0 1.0 11.0 22.0 
0.0 1.0 5.0 0.0 0.75 0.0 10.0 59.0 0.0 0.0 4.0 6.0 
1.0 14.0 5.0 0.18803418803418803 0.8380952380952381 0.056818181818181816 59.0 379.0 0.0 0.0 10.0 25.0 
0.0 0.0 2.0 0.0 0.5 0.0 4.0 31.0 0.0 0.0 2.0 4.0 
0.0 1.0 2.0 0.2 0.6666666666666667 0.0 8.0 48.0 0.0 0.0 3.0 8.0 
0.0 0.0 2.0 0.0 0.75 0.0 6.0 44.0 0.0 0.0 4.0 6.0 
0.0 1.0 2.0 0.07142857142857142 0.7999999999999999 0.0 9.0 57.0 0.0 0.0 5.0 9.0 
0.0 0.0 2.0 0.0 0.0 0.0 2.0 17.0 0.0 0.0 1.0 2.0 
0.0 1.0 1.0 0.09090909090909091 0.8484848484848485 0.125 18.0 80.0 0.0 0.0 6.0 13.0 
0.0 3.0 1.0 0.024955436720142603 0.9228571428571429 0.07653061224489796 63.0 241.0 0.0 0.0 14.0 29.0 
0.0 1.0 1.0 0.23809523809523808 0.9394736842105263 0.06818181818181818 59.0 245.0 4.0 0.0 20.0 23.0 
2.0 13.0 1.0 0.09774436090225563 0.9401960784313725 0.049342105263157895 173.0 679.0 0.0 0.0 17.0 77.0 
6.0 3.0 1.0 0.09523809523809523 0.75 0.21428571428571427 32.0 115.0 0.0 0.0 4.0 17.0 
0.0 4.0 1.0 0.12333333333333334 0.55 0.14736842105263157 56.0 246.0 0.0 0.0 2.0 19.0 
0.0 1.0 1.0 0.0 0.6666666666666666 0.25 4.0 19.0 0.0 0.0 2.0 4.0 
0.0 1.0 1.0 0.0 0.0 0.16666666666666666 6.0 34.0 0.0 0.0 1.0 6.0 
0.0 4.0 3.0 0.10294117647058823 0.8125 0.1092436974789916 60.0 365.0 0.0 0.0 8.0 17.0 
0.0 2.0 2.0 0.0 0.0 0.2 23.0 122.0 0.0 0.0 0.0 5.0 
0.0 2.0 2.0 0.16666666666666666 0.8148148148148149 0.08333333333333333 37.0 185.0 0.0 0.0 6.0 12.0 
0.0 2.0 2.0 0.1 0.6666666666666667 0.2 17.0 95.0 0.0 0.0 3.0 5.0 
0.0 3.0 3.0 0.11538461538461539 0.65 0.08974358974358974 43.0 242.0 0.0 0.0 4.0 13.0 
0.0 3.0 3.0 0.022222222222222223 0.6000000000000001 0.1 36.0 203.0 0.0 0.0 5.0 10.0 
0.0 0.0 2.0 0.14285714285714285 0.5 0.16666666666666666 17.0 72.0 0.0 0.0 2.0 6.0 
0.0 3.0 3.0 0.15384615384615385 0.611111111111111 0.18571428571428572 77.0 337.0 0.0 0.0 9.0 14.0 
0.0 5.0 3.0 0.19852941176470587 0.6481481481481481 0.13071895424836602 97.0 454.0 0.0 0.0 12.0 17.0 
0.0 4.0 2.0 0.1753846153846154 0.8571428571428571 0.09615384615384616 72.0 388.0 0.0 0.0 11.0 26.0 
0.0 2.0 2.0 0.25 0.65 0.14814814814814814 45.0 181.0 0.0 0.0 4.0 9.0 
0.0 3.0 3.0 0.045454545454545456 0.0 0.13333333333333333 33.0 183.0 0.0 0.0 1.0 12.0 
0.0 1.0 2.0 0.2222222222222222 0.0 0.125 20.0 118.0 0.0 0.0 1.0 8.0 
0.0 2.0 2.0 0.25 0.5833333333333334 0.25 29.0 163.0 0.0 0.0 3.0 8.0 
0.0 6.0 2.0 0.10476190476190476 0.75 0.2 93.0 446.0 0.0 0.0 4.0 15.0 
0.0 0.0 2.0 0.06666666666666667 0.0 0.16666666666666666 6.0 27.0 0.0 0.0 1.0 6.0 
0.0 2.0 2.0 0.1282051282051282 0.8857142857142858 0.10256410256410256 44.0 260.0 0.0 0.0 15.0 13.0 
2.0 5.0 2.0 0.2523809523809524 0.8521739130434782 0.1125 158.0 559.0 0.0 0.0 23.0 20.0 
0.0 1.0 2.0 0.2 0.0 0.16666666666666666 7.0 65.0 0.0 0.0 1.0 6.0 
0.0 1.0 2.0 0.4 0.0 0.16666666666666666 7.0 43.0 0.0 0.0 1.0 6.0 
0.0 2.0 2.0 0.2857142857142857 0.3333333333333333 0.14285714285714285 17.0 93.0 0.0 0.0 2.0 7.0 
0.0 1.0 2.0 0.08333333333333333 0.8 0.2222222222222222 21.0 127.0 0.0 0.0 4.0 9.0 
0.0 2.0 2.0 0.25 0.65 0.14814814814814814 41.0 174.0 0.0 0.0 4.0 9.0 
1.0 4.0 3.0 0.1380952380952381 0.8531468531468531 0.09523809523809523 84.0 492.0 0.0 0.0 11.0 21.0 
0.0 2.0 2.0 0.14285714285714285 0.6666666666666666 0.1875 16.0 102.0 0.0 0.0 4.0 8.0 
0.0 3.0 2.0 0.15 0.8796296296296297 0.16666666666666666 38.0 214.0 0.0 0.0 9.0 16.0 
0.0 1.0 2.0 0.10909090909090909 0.8285714285714285 0.15151515151515152 30.0 147.0 0.0 0.0 5.0 11.0 
0.0 3.0 3.0 0.027777777777777776 0.0 0.1111111111111111 27.0 159.0 0.0 0.0 2.0 9.0 
0.0 3.0 2.0 0.12681159420289856 0.8611111111111112 0.09375 54.0 265.0 0.0 0.0 8.0 24.0 
1.0 3.0 2.0 0.2222222222222222 0.5 0.14 72.0 353.0 0.0 0.0 8.0 10.0 
0.0 2.0 3.0 0.14166666666666666 0.8181818181818182 0.21875 38.0 200.0 0.0 0.0 6.0 16.0 
