1.0 0.0 3.0 0.06666666666666667 0.5 0.2857142857142857 40.0 168.0 0.0 0.0 4.0 9.0 
2.0 3.0 2.0 0.03636363636363636 0.5 0.5 28.0 154.0 0.0 0.0 3.0 7.0 
5.0 3.0 3.0 0.0 0.0 0.5 13.0 70.0 4.0 0.0 4.0 3.0 
3.0 0.0 3.0 0.19230769230769232 0.7272727272727273 0.19230769230769232 26.0 152.0 0.0 10.0 5.0 15.0 
7.0 4.0 3.0 0.3216374269005848 0.0 0.14473684210526316 53.0 272.0 6.0 0.0 6.0 22.0 
6.0 1.0 3.0 0.0 0.5 0.0 20.0 96.0 2.0 0.0 2.0 8.0 
3.0 1.0 3.0 0.1 0.6666666666666666 0.2 11.0 66.0 0.0 0.0 3.0 6.0 
5.0 2.0 3.0 0.2 0.5 0.25 18.0 100.0 4.0 0.0 4.0 6.0 
15.0 3.0 1.0 0.1388888888888889 0.7333333333333333 0.26666666666666666 39.0 337.0 0.0 0.0 15.0 8.0 
1.0 14.0 3.0 0.0 0.0 0.0 47.0 210.0 0.0 3.0 1.0 3.0 
11.0 2.0 2.0 0.0 0.0 0.0 77.0 261.0 0.0 0.0 1.0 4.0 
0.0 2.0 2.0 1.0 0.75 0.5 16.0 69.0 0.0 0.0 9.0 5.0 
1.0 5.0 2.0 0.35714285714285715 0.0 0.1375 24.0 83.0 0.0 1.0 1.0 11.0 
0.0 1.0 1.0 1.0 0.0 0.2222222222222222 16.0 58.0 1.0 0.0 1.0 11.0 
22.0 4.0 1.0 0.0 0.5 0.5 11.0 80.0 0.0 0.0 3.0 3.0 
0.0 1.0 1.0 0.0 0.0 0.0 2.0 14.0 0.0 1.0 1.0 2.0 
0.0 2.0 2.0 0.5 0.33333333333333326 0.5 11.0 39.0 0.0 0.0 3.0 5.0 
25.0 9.0 1.0 0.3333333333333333 0.641025641025641 0.3888888888888889 18.0 145.0 0.0 0.0 13.0 4.0 
25.0 9.0 1.0 0.3333333333333333 0.641025641025641 0.3888888888888889 18.0 145.0 0.0 0.0 13.0 4.0 
3.0 3.0 1.0 0.2857142857142857 0.1625 0.20833333333333334 25.0 210.0 16.0 0.0 16.0 14.0 
17.0 3.0 7.0 0.37777777777777777 0.6428571428571429 0.18 168.0 493.0 0.0 0.0 6.0 11.0 
0.0 2.0 2.0 0.0 0.0 0.23333333333333334 12.0 65.0 0.0 0.0 0.0 8.0 
0.0 2.0 2.0 1.0 0.6666666666666666 0.5 19.0 78.0 0.0 0.0 3.0 3.0 
2.0 3.0 4.0 0.3787878787878788 0.7555555555555555 0.1038961038961039 35.0 172.0 0.0 3.0 9.0 12.0 
10.0 4.0 2.0 0.717948717948718 0.7638888888888888 0.16666666666666666 50.0 209.0 0.0 4.0 12.0 13.0 
18.0 3.0 6.0 0.0989247311827957 0.9182692307692308 0.08695652173913043 123.0 660.0 0.0 1.0 13.0 25.0 
13.0 6.0 1.0 0.0 0.5 0.5 7.0 78.0 0.0 0.0 4.0 3.0 
0.0 5.0 1.0 0.0 0.33333333333333326 0.0 3.0 38.0 9.0 0.0 9.0 2.0 
0.0 1.0 1.0 1.0 0.0 0.2222222222222222 16.0 58.0 1.0 0.0 1.0 11.0 
4.0 5.0 6.0 0.6666666666666666 0.5714285714285715 0.0 11.0 89.0 0.0 0.0 7.0 4.0 
0.0 0.0 6.0 0.0 0.0 0.0 6.0 28.0 0.0 0.0 0.0 5.0 
18.0 10.0 3.0 0.24358974358974358 0.8264462809917354 0.125 40.0 218.0 0.0 0.0 11.0 14.0 
0.0 2.0 2.0 1.0 0.6388888888888888 0.5 19.0 82.0 0.0 0.0 9.0 5.0 
0.0 0.0 4.0 0.0 0.0 0.0 2.0 17.0 0.0 0.0 2.0 2.0 
1.0 2.0 2.0 0.2 0.0 0.5 10.0 100.0 0.0 0.0 3.0 7.0 
0.0 2.0 2.0 0.6 0.6363636363636364 0.45 32.0 139.0 0.0 0.0 11.0 6.0 
1.0 9.0 3.0 0.35555555555555557 0.7407407407407407 0.17142857142857143 20.0 121.0 0.0 0.0 6.0 11.0 
0.0 0.0 1.0 0.341991341991342 0.0 0.0 42.0 230.0 0.0 2.0 0.0 0.0 
10.0 4.0 2.0 0.5714285714285714 0.7714285714285715 0.15178571428571427 49.0 223.0 0.0 4.0 10.0 15.0 
0.0 2.0 2.0 1.0 0.4666666666666666 0.5 21.0 76.0 0.0 0.0 5.0 5.0 
1.0 3.0 2.0 0.9393939393939394 0.18181818181818182 0.19480519480519481 23.0 117.0 0.0 0.0 2.0 12.0 
0.0 1.0 1.0 1.0 0.0 0.2222222222222222 16.0 58.0 1.0 0.0 1.0 11.0 
1.0 1.0 1.0 0.047619047619047616 0.0 0.0 30.0 136.0 0.0 0.0 0.0 0.0 
7.0 3.0 2.0 1.0 0.0 0.16666666666666666 27.0 110.0 0.0 0.0 1.0 10.0 
5.0 4.0 1.0 0.0 0.4444444444444444 0.3333333333333333 69.0 219.0 0.0 0.0 9.0 4.0 
10.0 5.0 2.0 0.5757575757575758 0.7860962566844919 0.19318181818181818 43.0 219.0 0.0 0.0 17.0 12.0 
0.0 2.0 2.0 1.0 0.5333333333333333 0.5 17.0 88.0 0.0 0.0 5.0 5.0 
1.0 5.0 2.0 0.35714285714285715 0.0 0.1375 24.0 83.0 0.0 1.0 1.0 11.0 
0.0 2.0 2.0 1.0 0.75 0.5 16.0 69.0 0.0 0.0 9.0 5.0 
0.0 6.0 1.0 1.0 0.8571428571428571 0.7 3.0 30.0 6.0 0.0 7.0 3.0 
4.0 11.0 1.0 0.3333333333333333 0.9365079365079364 0.0 10.0 79.0 21.0 1.0 21.0 4.0 
0.0 2.0 2.0 1.0 0.6666666666666666 0.5 7.0 43.0 0.0 0.0 3.0 3.0 
0.0 2.0 2.0 1.0 0.6944444444444444 0.5 34.0 95.0 0.0 0.0 9.0 5.0 
0.0 3.0 1.0 0.5808823529411765 0.38 0.1328125 53.0 228.0 3.0 2.0 5.0 19.0 
20.0 6.0 1.0 0.16666666666666666 0.5 0.5 5.0 72.0 0.0 0.0 8.0 3.0 
9.0 1.0 8.0 0.0 0.0 0.0 18.0 63.0 0.0 0.0 0.0 2.0 
7.0 6.0 1.0 0.47619047619047616 0.6333333333333333 0.14285714285714285 15.0 81.0 0.0 2.0 5.0 8.0 
0.0 2.0 2.0 1.0 0.6666666666666666 0.5 7.0 43.0 0.0 0.0 3.0 3.0 
2.0 3.0 2.0 1.0 0.0 0.3333333333333333 13.0 46.0 0.0 0.0 1.0 4.0 
12.0 9.0 2.0 0.5476190476190477 0.5217391304347826 0.08080808080808081 92.0 432.0 0.0 2.0 5.0 28.0 
10.0 4.0 2.0 0.44285714285714284 0.7781954887218044 0.125 32.0 210.0 0.0 0.0 14.0 21.0 
23.0 9.0 1.0 0.3333333333333333 0.6363636363636364 0.3888888888888889 16.0 138.0 0.0 0.0 11.0 4.0 
0.0 2.0 2.0 1.0 0.6944444444444444 0.5 34.0 95.0 0.0 0.0 9.0 5.0 
5.0 1.0 3.0 0.0 0.0 0.5 4.0 57.0 0.0 0.0 0.0 2.0 
1.0 4.0 2.0 1.0 0.0 0.3333333333333333 15.0 53.0 0.0 0.0 3.0 4.0 
9.0 6.0 6.0 0.5 0.5714285714285715 0.0 27.0 181.0 0.0 0.0 14.0 4.0 
23.0 12.0 2.0 0.23959296947271044 0.7470588235294118 0.048484848484848485 110.0 541.0 0.0 3.0 10.0 45.0 
5.0 3.0 2.0 0.9090909090909091 0.22727272727272727 0.19480519480519481 16.0 107.0 0.0 4.0 2.0 12.0 
1.0 4.0 2.0 1.0 0.0 0.3333333333333333 15.0 53.0 0.0 0.0 3.0 4.0 
9.0 6.0 6.0 0.5 0.5714285714285715 0.0 27.0 181.0 0.0 0.0 14.0 4.0 
8.0 6.0 2.0 1.0 0.0 0.5 5.0 34.0 0.0 0.0 1.0 4.0 
0.0 2.0 1.0 0.0 0.5 0.0 3.0 21.0 0.0 2.0 2.0 3.0 
7.0 6.0 2.0 0.39920948616600793 0.47916666666666663 0.08677685950413223 33.0 198.0 0.0 3.0 3.0 23.0 
7.0 5.0 2.0 0.24444444444444444 0.64 0.3 53.0 272.0 0.0 0.0 10.0 11.0 
0.0 4.0 1.0 0.7454545454545455 0.07142857142857142 0.16666666666666666 15.0 115.0 0.0 1.0 2.0 11.0 
7.0 3.0 2.0 1.0 0.0 0.16666666666666666 27.0 110.0 0.0 0.0 1.0 10.0 
0.0 0.0 6.0 0.3 0.7083333333333334 0.2 17.0 91.0 0.0 0.0 6.0 7.0 
10.0 4.0 2.0 0.5714285714285714 0.7792207792207793 0.15178571428571427 39.0 199.0 0.0 6.0 11.0 15.0 
11.0 12.0 2.0 0.48185483870967744 0.7037037037037037 0.08918406072106262 93.0 517.0 0.0 1.0 10.0 32.0 
21.0 3.0 1.0 0.4 0.7708333333333334 0.16666666666666666 43.0 144.0 0.0 0.0 8.0 7.0 
8.0 3.0 2.0 0.8214285714285714 0.4375 0.23214285714285715 19.0 100.0 0.0 1.0 2.0 10.0 
1.0 2.0 1.0 0.3333333333333333 0.5 0.25 9.0 49.0 0.0 3.0 2.0 6.0 
2.0 3.0 5.0 0.6666666666666666 0.5555555555555555 0.3333333333333333 8.0 77.0 0.0 0.0 6.0 4.0 
0.0 2.0 2.0 0.6 0.6388888888888888 0.45 22.0 91.0 0.0 0.0 9.0 6.0 
23.0 12.0 2.0 0.23959296947271044 0.7470588235294118 0.048484848484848485 110.0 541.0 0.0 3.0 10.0 45.0 
2.0 3.0 5.0 0.6666666666666666 0.5555555555555555 0.3333333333333333 8.0 77.0 0.0 0.0 6.0 4.0 
9.0 7.0 2.0 0.10714285714285714 0.4666666666666666 0.225 21.0 115.0 0.0 0.0 5.0 9.0 
2.0 3.0 2.0 1.0 0.0 0.3333333333333333 13.0 46.0 0.0 0.0 1.0 4.0 
0.0 1.0 2.0 0.0 0.0 0.7777777777777778 12.0 54.0 0.0 0.0 1.0 4.0 
10.0 7.0 1.0 0.2 0.65 0.19318181818181818 61.0 325.0 21.0 0.0 24.0 12.0 
0.0 0.0 5.0 0.0 0.0 0.5 11.0 42.0 0.0 0.0 0.0 3.0 
23.0 3.0 6.0 0.6666666666666666 0.8072916666666666 0.0 17.0 188.0 0.0 0.0 32.0 7.0 
7.0 6.0 2.0 1.0 0.2 0.2857142857142857 10.0 59.0 0.0 0.0 4.0 6.0 
1.0 0.0 1.0 0.0 0.0 0.0 73.0 272.0 0.0 0.0 0.0 0.0 
7.0 5.0 4.0 0.45454545454545453 0.7833333333333333 0.11458333333333333 69.0 291.0 0.0 3.0 15.0 13.0 
3.0 2.0 1.0 0.0 0.0 0.0 2.0 20.0 6.0 0.0 6.0 1.0 
7.0 4.0 6.0 0.7333333333333333 0.6666666666666666 0.16666666666666666 18.0 156.0 0.0 0.0 11.0 7.0 
0.0 2.0 2.0 0.6 0.6388888888888888 0.45 21.0 89.0 0.0 0.0 9.0 6.0 
10.0 1.0 1.0 0.08421052631578947 0.0 0.16071428571428573 98.0 584.0 0.0 0.0 0.0 8.0 
0.0 1.0 1.0 0.0 0.0 0.3 5.0 25.0 0.0 0.0 0.0 5.0 
14.0 5.0 5.0 0.22943722943722944 0.7916666666666667 0.08235294117647059 137.0 556.0 0.0 1.0 12.0 19.0 
0.0 2.0 2.0 0.6 0.6388888888888888 0.45 21.0 89.0 0.0 0.0 9.0 6.0 
0.0 2.0 2.0 1.0 0.75 0.5 16.0 69.0 0.0 0.0 9.0 5.0 
0.0 2.0 2.0 1.0 0.6944444444444444 0.5 34.0 95.0 0.0 0.0 9.0 5.0 
0.0 2.0 2.0 1.0 0.6388888888888888 0.5 19.0 82.0 0.0 0.0 9.0 5.0 
21.0 8.0 2.0 0.3111111111111111 0.7023809523809523 0.22 69.0 353.0 0.0 0.0 12.0 11.0 
0.0 3.0 1.0 0.5808823529411765 0.38 0.1328125 53.0 228.0 3.0 2.0 5.0 19.0 
0.0 2.0 2.0 1.0 0.75 0.5 16.0 69.0 0.0 0.0 9.0 5.0 
0.0 1.0 1.0 0.18181818181818182 0.8333333333333334 0.08333333333333333 23.0 95.0 0.0 7.0 8.0 13.0 
0.0 2.0 1.0 0.027777777777777776 0.5 0.16666666666666666 10.0 48.0 0.0 1.0 2.0 10.0 
20.0 3.0 7.0 0.5421052631578948 0.8612440191387559 0.05263157894736842 104.0 537.0 0.0 0.0 11.0 20.0 
9.0 5.0 1.0 0.19047619047619047 0.8148148148148149 0.2 28.0 250.0 0.0 0.0 18.0 6.0 
0.0 0.0 1.0 0.3111111111111111 0.625 0.2 21.0 108.0 0.0 2.0 5.0 11.0 
16.0 10.0 3.0 0.2727272727272727 0.7685185185185185 0.14772727272727273 38.0 204.0 0.0 0.0 12.0 12.0 
11.0 5.0 2.0 0.26666666666666666 0.5128205128205129 0.21875 123.0 435.0 0.0 0.0 13.0 9.0 
2.0 2.0 2.0 0.5073529411764706 0.7598039215686275 0.19852941176470587 94.0 489.0 0.0 3.0 12.0 21.0 
9.0 7.0 2.0 0.10714285714285714 0.4666666666666666 0.225 21.0 115.0 0.0 0.0 5.0 9.0 
1.0 9.0 3.0 0.35555555555555557 0.7407407407407407 0.17142857142857143 20.0 121.0 0.0 0.0 6.0 11.0 
12.0 9.0 2.0 0.5476190476190477 0.5217391304347826 0.08080808080808081 92.0 432.0 0.0 2.0 5.0 28.0 
5.0 5.0 2.0 0.9 0.46739130434782605 0.25 9.0 97.0 0.0 0.0 23.0 6.0 
19.0 9.0 2.0 0.37420718816067655 0.7199074074074073 0.05357142857142857 107.0 528.0 0.0 3.0 12.0 42.0 
10.0 7.0 5.0 0.3076923076923077 0.7385620915032679 0.1346153846153846 108.0 523.0 0.0 0.0 17.0 14.0 
0.0 2.0 2.0 0.6 0.6388888888888888 0.45 21.0 89.0 0.0 0.0 9.0 6.0 
5.0 3.0 2.0 1.0 0.0 0.3333333333333333 19.0 58.0 0.0 0.0 5.0 4.0 
4.0 6.0 6.0 1.0 0.5555555555555556 0.0 6.0 77.0 0.0 0.0 9.0 3.0 
5.0 5.0 2.0 0.9 0.46739130434782605 0.25 9.0 97.0 0.0 0.0 23.0 6.0 
10.0 5.0 2.0 0.5757575757575758 0.7860962566844919 0.19318181818181818 43.0 219.0 0.0 0.0 17.0 12.0 
0.0 0.0 6.0 1.0 0.5 0.5 10.0 71.0 0.0 0.0 3.0 6.0 
0.0 0.0 4.0 0.0 0.0 0.0 2.0 17.0 0.0 0.0 2.0 2.0 
19.0 3.0 1.0 0.4222222222222222 0.6625 0.21666666666666667 293.0 989.0 0.0 1.0 8.0 11.0 
11.0 11.0 4.0 0.18769230769230769 0.8368421052631579 0.056372549019607844 57.0 350.0 0.0 0.0 10.0 27.0 
21.0 3.0 1.0 0.4 0.7708333333333334 0.16666666666666666 43.0 144.0 0.0 0.0 8.0 7.0 
7.0 6.0 2.0 1.0 0.2 0.2857142857142857 10.0 59.0 0.0 0.0 4.0 6.0 
0.0 5.0 1.0 0.0 0.33333333333333326 0.0 3.0 38.0 9.0 0.0 9.0 2.0 
3.0 2.0 1.0 0.0 0.0 0.0 5.0 41.0 3.0 0.0 3.0 2.0 
1.0 3.0 2.0 0.9393939393939394 0.18181818181818182 0.19480519480519481 23.0 117.0 0.0 0.0 2.0 12.0 
1.0 9.0 3.0 0.35555555555555557 0.7407407407407407 0.17142857142857143 20.0 121.0 0.0 0.0 6.0 11.0 
10.0 4.0 2.0 0.44285714285714284 0.7781954887218044 0.125 32.0 210.0 0.0 0.0 14.0 21.0 
0.0 2.0 2.0 1.0 0.6388888888888888 0.5 19.0 82.0 0.0 0.0 9.0 5.0 
0.0 2.0 2.0 1.0 0.75 0.5 16.0 69.0 0.0 0.0 9.0 5.0 
5.0 8.0 6.0 0.3567251461988304 0.8361111111111111 0.07692307692307693 37.0 343.0 0.0 0.0 30.0 15.0 
13.0 3.0 9.0 0.05555555555555555 0.5 0.1111111111111111 73.0 373.0 0.0 0.0 2.0 10.0 
7.0 3.0 2.0 1.0 0.0 0.16666666666666666 27.0 110.0 0.0 0.0 1.0 10.0 
0.0 3.0 2.0 0.8 0.0 0.1527777777777778 11.0 70.0 0.0 2.0 1.0 11.0 
0.0 1.0 1.0 0.18181818181818182 0.8333333333333334 0.08333333333333333 23.0 95.0 0.0 7.0 8.0 13.0 
21.0 3.0 1.0 0.4 0.7708333333333334 0.16666666666666666 43.0 144.0 0.0 0.0 8.0 7.0 
22.0 11.0 5.0 0.30096153846153845 0.9357298474945535 0.0263671875 220.0 990.0 0.0 5.0 34.0 65.0 
7.0 5.0 2.0 1.0 0.0 0.5 4.0 30.0 0.0 0.0 1.0 3.0 
0.0 0.0 1.0 0.0 0.0 0.0 30.0 157.0 0.0 0.0 0.0 0.0 
4.0 3.0 1.0 0.3333333333333333 0.33333333333333326 0.5 4.0 42.0 0.0 0.0 3.0 3.0 
0.0 1.0 2.0 0.0 0.0 0.7777777777777778 12.0 54.0 0.0 0.0 1.0 4.0 
2.0 3.0 4.0 0.3787878787878788 0.7555555555555555 0.1038961038961039 35.0 172.0 0.0 3.0 9.0 12.0 
7.0 6.0 1.0 0.47619047619047616 0.6333333333333333 0.14285714285714285 15.0 81.0 0.0 2.0 5.0 8.0 
0.0 2.0 2.0 1.0 0.6944444444444444 0.5 34.0 95.0 0.0 0.0 9.0 5.0 
19.0 3.0 1.0 0.4222222222222222 0.6625 0.21666666666666667 293.0 989.0 0.0 1.0 8.0 11.0 
8.0 6.0 2.0 1.0 0.0 0.5 5.0 34.0 0.0 0.0 1.0 4.0 
1.0 3.0 6.0 0.3333333333333333 0.5833333333333334 0.3333333333333333 12.0 107.0 0.0 0.0 8.0 4.0 
0.0 2.0 2.0 1.0 0.675 0.5 16.0 66.0 0.0 0.0 10.0 5.0 
0.0 2.0 1.0 0.027777777777777776 0.5 0.16666666666666666 10.0 48.0 0.0 1.0 2.0 10.0 
0.0 0.0 6.0 0.2857142857142857 0.5 0.19047619047619047 9.0 57.0 0.0 0.0 2.0 8.0 
7.0 5.0 2.0 0.24444444444444444 0.64 0.3 53.0 272.0 0.0 0.0 10.0 11.0 
5.0 2.0 2.0 0.5714285714285714 0.6239316239316239 0.23809523809523808 65.0 425.0 0.0 3.0 9.0 17.0 
53.0 14.0 6.0 0.24313725490196078 0.9521016617790812 0.023883696780893044 501.0 2526.0 0.0 8.0 44.0 108.0 
1.0 9.0 3.0 0.35555555555555557 0.7407407407407407 0.17142857142857143 20.0 121.0 0.0 0.0 6.0 11.0 
