5.0 1.0 3.0 0.06060606060606061 0.625 0.3333333333333333 44.0 172.0 0.0 1.0 6.0 7.0 
0.0 0.0 4.0 0.4 0.75 0.3 12.0 58.0 0.0 3.0 4.0 5.0 
1.0 1.0 4.0 0.13636363636363635 0.8625 0.2 59.0 321.0 0.0 5.0 10.0 10.0 
4.0 2.0 3.0 0.1396011396011396 0.671875 0.1590909090909091 54.0 339.0 0.0 1.0 8.0 14.0 
0.0 0.0 1.0 0.5583333333333333 0.6153846153846154 0.13333333333333333 61.0 340.0 0.0 3.0 9.0 21.0 
12.0 2.0 1.0 0.15384615384615385 0.825 0.3076923076923077 58.0 299.0 0.0 0.0 5.0 15.0 
5.0 5.0 2.0 0.008602150537634409 0.33333333333333326 0.5 183.0 726.0 0.0 0.0 6.0 3.0 
14.0 3.0 1.0 0.39037433155080214 0.4583333333333333 0.09558823529411764 58.0 368.0 0.0 2.0 2.0 37.0 
0.0 1.0 2.0 0.16748768472906403 0.8762446657183499 0.07291666666666667 138.0 785.0 0.0 0.0 37.0 25.0 
0.0 0.0 1.0 0.05847953216374269 0.9230769230769231 0.14473684210526316 22.0 78.0 7.0 10.0 7.0 19.0 
0.0 1.0 4.0 0.1 0.8958333333333334 0.0875 19.0 85.0 0.0 11.0 9.0 17.0 
0.0 0.0 1.0 0.0661764705882353 0.9333333333333333 0.2647058823529412 19.0 70.0 0.0 14.0 8.0 17.0 
14.0 7.0 4.0 0.21686746987951808 0.960618846694796 0.05931417979610751 205.0 819.0 0.0 5.0 36.0 85.0 
4.0 3.0 1.0 0.01607267645003494 0.9804255319148936 0.1 72.0 247.0 0.0 0.0 25.0 54.0 
1.0 3.0 2.0 0.0 0.0 0.28 11.0 70.0 0.0 0.0 2.0 6.0 
0.0 2.0 2.0 0.04411764705882353 0.7551020408163265 0.19444444444444445 22.0 150.0 0.0 1.0 7.0 10.0 
1.0 0.0 2.0 0.06593406593406594 0.72 0.2 46.0 308.0 0.0 0.0 5.0 6.0 
2.0 0.0 2.0 0.06666666666666667 0.0 0.23809523809523808 26.0 170.0 0.0 0.0 1.0 8.0 
0.0 0.0 5.0 0.0718954248366013 0.75 0.234375 38.0 236.0 0.0 1.0 4.0 17.0 
0.0 1.0 1.0 0.23809523809523808 0.9404761904761904 0.17894736842105263 37.0 189.0 8.0 0.0 14.0 19.0 
2.0 1.0 2.0 0.12121212121212122 0.7142857142857143 0.15476190476190477 33.0 187.0 0.0 0.0 9.0 13.0 
5.0 2.0 3.0 0.0 0.0 0.25 11.0 119.0 0.0 0.0 0.0 5.0 
6.0 1.0 7.0 0.6 0.0 0.3333333333333333 45.0 238.0 0.0 0.0 1.0 5.0 
3.0 2.0 3.0 0.0 0.0 0.0 23.0 151.0 0.0 0.0 0.0 3.0 
1.0 2.0 2.0 0.027777777777777776 0.0 0.5555555555555556 24.0 148.0 1.0 0.0 1.0 4.0 
4.0 4.0 2.0 0.007978723404255319 0.65 0.23809523809523808 173.0 705.0 0.0 2.0 4.0 8.0 
2.0 1.0 4.0 0.03636363636363636 0.0 0.0 110.0 254.0 0.0 0.0 0.0 1.0 
2.0 2.0 2.0 0.0 0.0 0.4444444444444444 50.0 143.0 1.0 0.0 1.0 4.0 
3.0 2.0 2.0 0.027777777777777776 0.0 0.7777777777777778 199.0 339.0 0.0 0.0 0.0 4.0 
4.0 5.0 3.0 0.3600464576074332 0.8590909090909091 0.06775067750677506 132.0 549.0 1.0 4.0 22.0 51.0 
0.0 1.0 1.0 1.0 0.75 0.0 4.0 22.0 3.0 0.0 4.0 4.0 
4.0 3.0 2.0 0.0 0.0 0.3333333333333333 29.0 208.0 3.0 0.0 8.0 4.0 
2.0 2.0 2.0 0.19047619047619047 0.75 0.19047619047619047 33.0 166.0 0.0 1.0 4.0 8.0 
2.0 3.0 2.0 0.1 1.0 0.28 17.0 129.0 2.0 0.0 3.0 6.0 
3.0 2.0 2.0 0.0 0.0 0.5 9.0 50.0 0.0 0.0 1.0 3.0 
0.0 2.0 4.0 0.0 0.0 0.0 13.0 76.0 0.0 0.0 0.0 1.0 
9.0 2.0 1.0 0.4470588235294118 0.8592411260709913 0.1597222222222222 766.0 2253.0 1.0 1.0 19.0 56.0 
0.0 2.0 2.0 0.10606060606060606 0.7037037037037037 0.19444444444444445 25.0 102.0 0.0 5.0 6.0 16.0 
2.0 5.0 2.0 0.14545454545454545 0.375 0.1527777777777778 32.0 142.0 0.0 0.0 2.0 9.0 
14.0 8.0 1.0 0.12121212121212122 0.8363636363636363 0.2361111111111111 47.0 231.0 0.0 3.0 11.0 16.0 
1.0 1.0 1.0 0.13333333333333333 0.6 0.2 21.0 83.0 0.0 0.0 2.0 10.0 
2.0 1.0 1.0 0.19444444444444445 0.6190476190476192 0.14814814814814814 17.0 76.0 0.0 2.0 3.0 11.0 
3.0 3.0 1.0 0.0 0.0 1.0 2.0 19.0 0.0 0.0 4.0 2.0 
0.0 1.0 1.0 0.25161290322580643 0.6052631578947368 0.125 65.0 312.0 0.0 1.0 6.0 29.0 
0.0 2.0 1.0 0.2222222222222222 0.125 0.3333333333333333 29.0 143.0 0.0 0.0 4.0 8.0 
2.0 0.0 1.0 0.06666666666666667 0.5 0.0 7.0 43.0 0.0 2.0 2.0 4.0 
0.0 0.0 2.0 0.16666666666666666 0.5 0.3333333333333333 6.0 36.0 0.0 0.0 2.0 5.0 
0.0 1.0 1.0 0.0 0.0 0.4 12.0 111.0 0.0 0.0 0.0 5.0 
2.0 2.0 1.0 0.35714285714285715 0.0 0.6666666666666666 29.0 174.0 0.0 0.0 2.0 4.0 
1.0 1.0 5.0 0.14285714285714285 0.5166666666666667 0.14285714285714285 39.0 359.0 0.0 2.0 10.0 14.0 
8.0 5.0 7.0 0.2222222222222222 0.5833333333333334 0.2 31.0 233.0 0.0 0.0 9.0 7.0 
0.0 1.0 2.0 0.44166666666666665 0.6814814814814815 0.078125 42.0 164.0 0.0 9.0 9.0 20.0 
2.0 2.0 1.0 0.16666666666666666 0.0 0.4166666666666667 30.0 185.0 0.0 0.0 0.0 3.0 
0.0 0.0 2.0 0.0 0.0 0.5 7.0 62.0 0.0 0.0 2.0 3.0 
13.0 10.0 1.0 0.14431082331174838 0.0 0.5 168.0 955.0 0.0 6.0 1.0 4.0 
0.0 0.0 2.0 0.0 0.0 0.5 8.0 45.0 0.0 0.0 0.0 2.0 
0.0 0.0 1.0 0.1 0.76 0.0 8.0 48.0 0.0 2.0 5.0 7.0 
2.0 4.0 1.0 0.06535947712418301 0.0 0.2125 37.0 198.0 0.0 1.0 1.0 16.0 
2.0 3.0 1.0 0.19047619047619047 0.7999999999999999 0.14285714285714285 13.0 76.0 2.0 2.0 5.0 9.0 
9.0 4.0 1.0 0.1 0.7222222222222223 0.4444444444444444 18.0 137.0 5.0 0.0 6.0 5.0 
3.0 2.0 2.0 0.08888888888888889 0.6666666666666666 0.21428571428571427 14.0 79.0 0.0 2.0 3.0 10.0 
0.0 2.0 1.0 0.35714285714285715 0.0 0.21428571428571427 23.0 157.0 0.0 0.0 5.0 8.0 
1.0 5.0 1.0 0.0 0.0 0.3333333333333333 7.0 53.0 0.0 0.0 0.0 6.0 
0.0 1.0 2.0 0.26666666666666666 0.625 0.2222222222222222 7.0 43.0 0.0 0.0 2.0 6.0 
1.0 2.0 1.0 0.06884057971014493 0.875 0.125 60.0 295.0 0.0 3.0 8.0 25.0 
16.0 7.0 2.0 0.06454388984509467 0.9366471734892788 0.05921052631578947 283.0 1382.0 0.0 11.0 19.0 77.0 
2.0 2.0 3.0 1.0 0.0 0.0 10.0 80.0 0.0 0.0 1.0 3.0 
2.0 2.0 3.0 0.0 0.0 0.0 5.0 61.0 0.0 0.0 1.0 3.0 
1.0 3.0 2.0 0.0 0.0 1.0 9.0 38.0 0.0 0.0 0.0 2.0 
4.0 2.0 2.0 0.0 0.0 1.0 19.0 96.0 0.0 0.0 0.0 2.0 
1.0 3.0 2.0 0.0 1.0 1.0 41.0 185.0 2.0 0.0 3.0 5.0 
2.0 3.0 2.0 0.0 0.0 0.4666666666666667 10.0 56.0 1.0 0.0 1.0 6.0 
1.0 2.0 2.0 0.0 0.0 1.0 2.0 16.0 0.0 0.0 0.0 2.0 
0.0 2.0 2.0 0.0 0.0 1.0 3.0 16.0 1.0 0.0 1.0 2.0 
0.0 3.0 2.0 0.047619047619047616 0.0 0.42857142857142855 12.0 57.0 1.0 0.0 1.0 8.0 
2.0 3.0 2.0 0.0 0.0 0.5 7.0 28.0 1.0 0.0 1.0 3.0 
0.0 2.0 2.0 0.0 0.0 1.0 3.0 16.0 0.0 0.0 0.0 2.0 
0.0 2.0 2.0 0.0 0.0 0.030659536541889482 95.0 159.0 0.0 0.0 0.0 86.0 
5.0 7.0 2.0 0.0 0.0 0.41975308641975306 31.0 193.0 0.0 0.0 0.0 10.0 
0.0 2.0 2.0 0.0 0.0 1.0 3.0 16.0 0.0 0.0 0.0 2.0 
1.0 2.0 2.0 0.5 0.75 0.4166666666666667 13.0 68.0 4.0 0.0 4.0 5.0 
0.0 2.0 2.0 0.0 0.0 1.0 4.0 18.0 0.0 0.0 0.0 2.0 
3.0 2.0 2.0 0.0 0.0 0.3333333333333333 13.0 44.0 0.0 0.0 0.0 4.0 
0.0 7.0 2.0 0.16666666666666666 0.6666666666666666 0.0 8.0 48.0 0.0 2.0 6.0 5.0 
1.0 2.0 2.0 0.0 0.0 1.0 7.0 42.0 3.0 0.0 3.0 2.0 
2.0 3.0 2.0 0.16666666666666666 0.5 0.3333333333333333 24.0 80.0 2.0 0.0 2.0 5.0 
2.0 3.0 2.0 1.0 0.8 0.5 8.0 46.0 0.0 0.0 5.0 3.0 
0.0 2.0 2.0 0.5 0.0 0.3125 21.0 81.0 1.0 0.0 1.0 5.0 
0.0 0.0 3.0 0.0 0.0 0.5 10.0 44.0 0.0 0.0 1.0 3.0 
3.0 3.0 2.0 0.0 0.0 0.625 18.0 76.0 0.0 0.0 0.0 3.0 
0.0 0.0 2.0 0.0 0.0 0.0 1.0 8.0 1.0 0.0 1.0 1.0 
2.0 2.0 2.0 0.0 0.0 1.0 16.0 78.0 0.0 0.0 1.0 2.0 
1.0 3.0 2.0 0.0 0.0 0.26666666666666666 13.0 54.0 0.0 0.0 0.0 10.0 
0.0 2.0 2.0 0.0 0.0 1.0 3.0 14.0 0.0 0.0 0.0 2.0 
0.0 2.0 2.0 0.0 0.0 0.6666666666666666 13.0 76.0 0.0 0.0 0.0 4.0 
3.0 6.0 2.0 0.47619047619047616 0.8125 0.42857142857142855 19.0 95.0 2.0 1.0 8.0 8.0 
0.0 2.0 4.0 0.0 0.0 1.0 4.0 21.0 1.0 0.0 1.0 3.0 
1.0 2.0 2.0 0.0 0.0 0.5 43.0 108.0 1.0 0.0 1.0 3.0 
0.0 2.0 4.0 0.21428571428571427 0.5 0.20833333333333334 14.0 74.0 0.0 1.0 2.0 10.0 
6.0 4.0 1.0 0.23529411764705882 0.7125 0.3116883116883117 154.0 541.0 1.0 0.0 8.0 12.0 
1.0 2.0 2.0 0.0 0.0 1.0 3.0 19.0 0.0 0.0 0.0 2.0 
1.0 2.0 2.0 0.0 0.0 1.0 12.0 48.0 1.0 0.0 1.0 2.0 
2.0 2.0 3.0 0.34545454545454546 0.6333333333333333 0.18181818181818182 24.0 88.0 0.0 4.0 3.0 12.0 
0.0 0.0 2.0 0.0 0.0 0.0 2.0 7.0 1.0 1.0 1.0 2.0 
0.0 2.0 4.0 0.0 0.0 0.3333333333333333 21.0 66.0 0.0 1.0 1.0 7.0 
2.0 1.0 1.0 0.09523809523809523 0.46875 0.1111111111111111 99.0 303.0 0.0 1.0 4.0 11.0 
48.0 6.0 1.0 0.535632183908046 0.7986111111111112 0.19791666666666666 262.0 968.0 0.0 2.0 24.0 25.0 
8.0 3.0 1.0 0.42857142857142855 0.8394736842105263 0.15476190476190477 68.0 398.0 0.0 0.0 20.0 22.0 
5.0 3.0 2.0 1.0 0.41666666666666674 0.5 8.0 86.0 0.0 0.0 6.0 3.0 
4.0 3.0 4.0 0.0 0.0 0.2 45.0 287.0 0.0 0.0 0.0 6.0 
3.0 3.0 4.0 0.0 0.0 0.0 26.0 157.0 0.0 0.0 0.0 3.0 
2.0 3.0 4.0 0.0 0.0 0.5 10.0 72.0 0.0 0.0 0.0 3.0 
4.0 3.0 4.0 0.0 0.0 0.0 7.0 72.0 0.0 0.0 0.0 2.0 
1.0 1.0 1.0 0.3333333333333333 0.0 0.6666666666666666 11.0 60.0 0.0 0.0 1.0 4.0 
0.0 1.0 7.0 0.16666666666666666 0.6 0.25 12.0 124.0 0.0 0.0 5.0 5.0 
0.0 1.0 3.0 0.13450292397660818 0.5555555555555556 0.21212121212121213 36.0 139.0 0.0 10.0 3.0 12.0 
2.0 1.0 6.0 1.0 0.0 0.15625 26.0 123.0 0.0 0.0 1.0 9.0 
0.0 2.0 7.0 0.0 0.5 0.0 6.0 112.0 0.0 0.0 4.0 3.0 
0.0 0.0 6.0 0.0 0.0 1.0 7.0 28.0 0.0 0.0 1.0 3.0 
0.0 0.0 3.0 0.3 0.5 0.0 7.0 45.0 0.0 2.0 2.0 3.0 
3.0 3.0 3.0 0.0 0.0 0.3333333333333333 30.0 143.0 0.0 0.0 0.0 6.0 
0.0 1.0 8.0 0.0 0.0 0.0 2.0 16.0 0.0 0.0 0.0 2.0 
3.0 2.0 2.0 0.0 0.0 0.8333333333333334 11.0 54.0 0.0 0.0 1.0 3.0 
3.0 0.0 2.0 0.0 0.0 0.0 4.0 57.0 0.0 0.0 3.0 2.0 
4.0 0.0 1.0 0.16666666666666666 0.0 0.5 18.0 110.0 0.0 0.0 1.0 3.0 
0.0 1.0 2.0 0.0 0.0 0.0 1.0 10.0 0.0 0.0 0.0 1.0 
1.0 1.0 2.0 0.3333333333333333 0.0 0.0 4.0 23.0 0.0 0.0 1.0 4.0 
0.0 2.0 3.0 0.0 0.0 0.0 3.0 18.0 0.0 0.0 0.0 3.0 
0.0 1.0 2.0 1.0 0.0 0.0 4.0 25.0 0.0 1.0 1.0 4.0 
1.0 1.0 2.0 0.3333333333333333 0.0 0.0 5.0 29.0 0.0 1.0 1.0 4.0 
0.0 2.0 4.0 0.0 0.0 0.0 3.0 23.0 0.0 0.0 1.0 2.0 
1.0 1.0 2.0 0.3333333333333333 0.0 0.0 5.0 31.0 0.0 1.0 1.0 4.0 
0.0 1.0 2.0 0.0 0.0 0.0 1.0 10.0 0.0 0.0 0.0 1.0 
2.0 1.0 2.0 0.3 0.5 0.0 8.0 47.0 0.0 1.0 3.0 6.0 
1.0 1.0 2.0 0.0 0.5 0.0 4.0 26.0 0.0 1.0 2.0 4.0 
1.0 2.0 2.0 0.3333333333333333 0.3333333333333333 0.0 6.0 42.0 0.0 2.0 2.0 5.0 
0.0 1.0 2.0 0.0 0.0 0.0 1.0 10.0 0.0 0.0 0.0 1.0 
0.0 0.0 2.0 1.0 0.0 0.0 4.0 21.0 0.0 1.0 1.0 3.0 
0.0 0.0 2.0 1.0 0.0 0.0 3.0 19.0 0.0 0.0 1.0 3.0 
0.0 1.0 2.0 0.6666666666666666 0.3333333333333333 0.0 5.0 34.0 0.0 2.0 2.0 4.0 
0.0 1.0 2.0 0.0 0.0 0.0 2.0 14.0 0.0 0.0 0.0 2.0 
2.0 0.0 8.0 0.0 0.0 0.25 10.0 66.0 0.0 0.0 0.0 8.0 
12.0 4.0 2.0 0.2 0.8152173913043479 0.18 40.0 207.0 0.0 0.0 23.0 11.0 
5.0 2.0 2.0 0.16666666666666666 0.8412698412698413 0.19444444444444445 17.0 98.0 0.0 0.0 9.0 10.0 
3.0 0.0 2.0 0.6666666666666666 0.5555555555555555 0.3333333333333333 24.0 108.0 0.0 0.0 3.0 4.0 
18.0 5.0 2.0 0.42857142857142855 0.6190476190476191 0.5 31.0 237.0 0.0 0.0 7.0 5.0 
2.0 1.0 2.0 0.6666666666666666 0.375 0.25 8.0 56.0 0.0 1.0 2.0 5.0 
3.0 0.0 2.0 0.6666666666666666 0.7142857142857143 0.6 36.0 171.0 0.0 0.0 7.0 7.0 
0.0 0.0 2.0 0.5714285714285714 0.5 0.16666666666666666 10.0 79.0 0.0 2.0 3.0 9.0 
4.0 0.0 2.0 0.3333333333333333 0.16666666666666674 0.5 37.0 131.0 0.0 0.0 3.0 5.0 
3.0 1.0 1.0 0.2222222222222222 0.825 0.25 30.0 173.0 0.0 4.0 5.0 9.0 
0.0 2.0 1.0 0.5256410256410257 0.07692307692307687 0.0 42.0 289.0 13.0 0.0 13.0 3.0 
0.0 3.0 1.0 0.07881773399014778 0.9397321428571429 0.04365079365079365 53.0 245.0 0.0 16.0 16.0 29.0 
2.0 2.0 2.0 0.8333333333333334 0.5 0.3333333333333333 8.0 54.0 0.0 0.0 3.0 5.0 
5.0 1.0 4.0 1.0 0.0 1.0 34.0 126.0 0.0 0.0 1.0 3.0 
1.0 1.0 1.0 0.8214285714285714 0.4375 0.75 18.0 79.0 0.0 0.0 2.0 9.0 
0.0 0.0 3.0 0.0 0.0 0.0 1.0 8.0 0.0 0.0 0.0 1.0 
7.0 1.0 2.0 1.0 0.6545454545454545 0.2 33.0 208.0 0.0 0.0 5.0 12.0 
15.0 1.0 3.0 0.55 0.65 0.6153846153846154 117.0 474.0 0.0 0.0 10.0 14.0 
0.0 0.0 1.0 0.38095238095238093 0.6785714285714286 0.14285714285714285 8.0 42.0 0.0 3.0 4.0 8.0 
9.0 3.0 1.0 0.9636363636363636 0.5194805194805195 0.6818181818181818 59.0 289.0 0.0 0.0 7.0 12.0 
7.0 2.0 2.0 0.8666666666666667 0.5416666666666666 0.8333333333333334 81.0 403.0 0.0 0.0 4.0 7.0 
5.0 2.0 2.0 0.0 0.0 0.6666666666666666 19.0 90.0 0.0 0.0 0.0 7.0 
9.0 2.0 1.0 0.5512820512820513 0.35 0.21153846153846154 59.0 275.0 0.0 1.0 2.0 14.0 
0.0 0.0 1.0 0.6666666666666666 0.0 0.16666666666666666 12.0 68.0 0.0 0.0 1.0 9.0 
8.0 2.0 2.0 0.01904761904761905 0.6666666666666666 0.6 84.0 395.0 0.0 2.0 2.0 16.0 
4.0 2.0 5.0 0.24242424242424243 0.0 0.11578947368421053 61.0 297.0 0.0 1.0 1.0 20.0 
0.0 0.0 1.0 0.6666666666666666 0.33333333333333337 0.5 6.0 35.0 0.0 0.0 3.0 6.0 
0.0 0.0 1.0 1.0 0.0 0.4 7.0 37.0 0.0 0.0 1.0 6.0 
0.0 0.0 2.0 0.0 0.0 0.4444444444444444 6.0 32.0 0.0 0.0 0.0 4.0 
0.0 0.0 1.0 0.0 0.0 1.0 1.0 11.0 0.0 0.0 0.0 1.0 
4.0 2.0 1.0 0.038461538461538464 0.7333333333333333 0.6363636363636364 29.0 176.0 0.0 0.0 3.0 12.0 
0.0 0.0 1.0 0.5714285714285714 0.625 0.1875 17.0 114.0 0.0 0.0 4.0 9.0 
0.0 2.0 8.0 0.0 1.3333333333333335 0.0 5.0 34.0 0.0 0.0 3.0 3.0 
