0.0 1.0 2.0 0.15402298850574714 0.8736842105263157 0.07291666666666667 146.0 710.0 0.0 0.0 38.0 25.0 
1.0 0.0 4.0 0.0 0.0 0.0 20.0 103.0 0.0 0.0 0.0 3.0 
0.0 7.0 3.0 0.18181818181818182 0.0 0.16666666666666666 28.0 126.0 0.0 0.0 1.0 9.0 
0.0 3.0 4.0 0.0 0.0 0.0 6.0 22.0 0.0 0.0 0.0 2.0 
0.0 1.0 1.0 0.2 0.5833333333333334 0.0 10.0 62.0 0.0 0.0 3.0 7.0 
0.0 5.0 2.0 0.4 0.5 0.25 10.0 67.0 0.0 0.0 3.0 6.0 
0.0 11.0 4.0 0.08333333333333333 0.9 0.07692307692307693 31.0 212.0 0.0 9.0 10.0 19.0 
0.0 13.0 1.0 0.046153846153846156 0.9095238095238096 0.06547619047619048 40.0 228.0 0.0 8.0 15.0 27.0 
0.0 4.0 3.0 0.1282051282051282 0.0 0.14285714285714285 34.0 288.0 0.0 1.0 1.0 10.0 
0.0 4.0 1.0 0.3333333333333333 0.6666666666666666 0.23809523809523808 9.0 67.0 0.0 0.0 3.0 8.0 
0.0 1.0 2.0 0.3333333333333333 0.6666666666666667 0.5 19.0 102.0 0.0 0.0 3.0 3.0 
1.0 5.0 3.0 0.23076923076923078 0.5555555555555556 0.09090909090909091 24.0 117.0 0.0 1.0 2.0 13.0 
1.0 8.0 1.0 0.2761904761904762 0.5 0.13333333333333333 36.0 209.0 0.0 0.0 2.0 21.0 
0.0 4.0 3.0 0.16483516483516483 0.0 0.125 29.0 148.0 0.0 1.0 1.0 10.0 
5.0 6.0 4.0 0.2 0.375 0.16666666666666666 17.0 143.0 0.0 0.0 4.0 7.0 
0.0 3.0 4.0 0.0 0.0 0.3333333333333333 21.0 158.0 0.0 0.0 0.0 5.0 
0.0 11.0 1.0 0.12087912087912088 0.8988095238095238 0.07142857142857142 23.0 144.0 0.0 9.0 12.0 16.0 
3.0 8.0 3.0 0.0457516339869281 0.7142857142857143 0.0989010989010989 71.0 382.0 0.0 1.0 3.0 16.0 
0.0 2.0 4.0 0.2857142857142857 0.16666666666666666 0.17857142857142858 12.0 74.0 0.0 0.0 2.0 10.0 
1.0 4.0 3.0 0.14736842105263157 0.8484848484848485 0.0625 62.0 332.0 0.0 1.0 12.0 21.0 
5.0 2.0 3.0 0.38461538461538464 0.75 0.18333333333333332 67.0 383.0 0.0 1.0 8.0 13.0 
10.0 3.0 3.0 0.19230769230769232 0.0 0.125 45.0 251.0 0.0 1.0 1.0 11.0 
3.0 2.0 2.0 0.09523809523809523 0.65 0.19047619047619047 21.0 134.0 0.0 0.0 5.0 9.0 
4.0 5.0 3.0 0.13333333333333333 0.5625 0.1 67.0 369.0 0.0 1.0 2.0 12.0 
1.0 0.0 3.0 0.07692307692307693 0.16666666666666666 0.25 32.0 198.0 0.0 0.0 2.0 5.0 
0.0 1.0 1.0 0.2 0.65 0.0 17.0 101.0 0.0 0.0 5.0 8.0 
0.0 1.0 1.0 0.1 0.6 0.0 17.0 103.0 0.0 0.0 5.0 8.0 
1.0 6.0 3.0 0.2833333333333333 0.6461538461538462 0.09375 44.0 193.0 0.0 10.0 5.0 19.0 
0.0 0.0 4.0 0.0 0.0 0.0 6.0 59.0 0.0 0.0 0.0 3.0 
0.0 3.0 1.0 0.39285714285714285 0.6666666666666666 0.125 16.0 92.0 0.0 0.0 3.0 10.0 
0.0 0.0 4.0 0.0 0.0 0.0 3.0 21.0 0.0 0.0 0.0 3.0 
0.0 2.0 3.0 0.038461538461538464 0.5833333333333334 0.125 77.0 349.0 0.0 1.0 3.0 14.0 
0.0 1.0 1.0 0.1 0.6666666666666666 0.0 8.0 50.0 0.0 2.0 3.0 7.0 
0.0 4.0 3.0 0.25757575757575757 0.3333333333333333 0.13636363636363635 40.0 213.0 0.0 1.0 3.0 16.0 
0.0 3.0 3.0 0.3333333333333333 0.0 0.125 22.0 115.0 0.0 0.0 1.0 11.0 
0.0 3.0 3.0 0.13333333333333333 0.0 0.125 20.0 106.0 0.0 1.0 1.0 9.0 
0.0 3.0 4.0 0.0 0.0 0.3333333333333333 6.0 39.0 0.0 0.0 0.0 5.0 
0.0 1.0 4.0 1.0 0.0 0.125 17.0 91.0 0.0 0.0 1.0 9.0 
0.0 3.0 4.0 0.06666666666666667 0.0 0.16666666666666666 19.0 128.0 0.0 0.0 1.0 8.0 
0.0 0.0 3.0 0.0 0.0 1.0 5.0 37.0 0.0 0.0 0.0 2.0 
0.0 3.0 1.0 0.1 0.6666666666666666 0.0 9.0 57.0 0.0 0.0 3.0 8.0 
0.0 4.0 3.0 0.1 0.3333333333333333 0.1 44.0 232.0 0.0 1.0 2.0 15.0 
0.0 1.0 5.0 0.26666666666666666 0.0 0.0 9.0 57.0 0.0 2.0 1.0 3.0 
0.0 0.0 4.0 0.0 0.0 0.0 3.0 24.0 0.0 0.0 0.0 3.0 
0.0 3.0 3.0 0.46153846153846156 0.0 0.09090909090909091 51.0 292.0 0.0 1.0 1.0 14.0 
0.0 1.0 3.0 0.0 0.0 0.5 4.0 39.0 0.0 0.0 0.0 4.0 
0.0 3.0 3.0 0.2727272727272727 0.0 0.125 26.0 135.0 0.0 1.0 1.0 11.0 
0.0 4.0 3.0 0.24242424242424243 0.0 0.14285714285714285 31.0 138.0 0.0 0.0 1.0 9.0 
0.0 3.0 4.0 0.6666666666666666 0.0 0.0 6.0 57.0 0.0 1.0 0.0 1.0 
0.0 3.0 5.0 0.0 0.0 0.0 18.0 110.0 0.0 0.0 1.0 7.0 
0.0 3.0 3.0 0.2777777777777778 0.0 0.14285714285714285 18.0 89.0 0.0 1.0 1.0 9.0 
0.0 0.0 4.0 0.0 0.0 0.0 3.0 22.0 0.0 1.0 1.0 3.0 
0.0 3.0 3.0 0.2727272727272727 0.0 0.125 28.0 123.0 0.0 1.0 1.0 11.0 
0.0 3.0 3.0 0.2727272727272727 0.0 0.125 20.0 96.0 0.0 1.0 1.0 10.0 
0.0 1.0 2.0 0.0 0.0 0.3333333333333333 5.0 34.0 0.0 0.0 0.0 4.0 
0.0 1.0 3.0 1.0 0.0 0.3333333333333333 5.0 63.0 0.0 0.0 1.0 5.0 
0.0 3.0 2.0 0.18181818181818182 0.5 0.0 16.0 100.0 0.0 4.0 3.0 6.0 
0.0 8.0 68.0 4.794871794871796 0.5625 0.0 60.0 766.0 0.0 4.0 4.0 40.0 
1.0 6.0 2.0 0.14285714285714285 0.0 0.3333333333333333 23.0 146.0 0.0 0.0 1.0 8.0 
1.0 11.0 2.0 0.08823529411764706 0.8461538461538461 0.07142857142857142 36.0 212.0 0.0 12.0 12.0 17.0 
0.0 7.0 2.0 0.2 0.5 0.0 17.0 107.0 0.0 3.0 3.0 8.0 
0.0 6.0 30.0 2.272727272727273 0.3333333333333333 0.0 33.0 319.0 0.0 3.0 2.0 19.0 
0.0 6.0 2.0 0.25 0.71875 0.125 18.0 105.0 0.0 3.0 4.0 11.0 
0.0 7.0 2.0 0.2 0.5 0.2 15.0 159.0 0.0 2.0 3.0 8.0 
0.0 4.0 48.0 6.0 0.0 0.0 41.0 542.0 0.0 1.0 1.0 28.0 
0.0 4.0 2.0 0.03940886699507389 0.0 0.0 44.0 332.0 0.0 0.0 1.0 4.0 
8.0 8.0 2.0 0.13333333333333333 0.8035714285714286 0.1111111111111111 26.0 153.0 0.0 4.0 7.0 10.0 
5.0 5.0 2.0 0.13333333333333333 0.6666666666666666 0.25 16.0 97.0 0.0 0.0 3.0 6.0 
0.0 3.0 2.0 0.2 0.3333333333333333 0.0 14.0 78.0 0.0 2.0 2.0 6.0 
7.0 6.0 2.0 0.2 0.7 0.2 20.0 116.0 0.0 2.0 4.0 8.0 
5.0 4.0 2.0 0.2777777777777778 0.75 0.15 15.0 110.0 0.0 0.0 5.0 9.0 
0.0 2.0 2.0 0.2 0.0 0.0 17.0 85.0 0.0 0.0 1.0 5.0 
0.0 3.0 2.0 0.21428571428571427 0.7142857142857143 0.35714285714285715 17.0 97.0 0.0 0.0 4.0 10.0 
0.0 2.0 2.0 0.2 0.75 0.5 21.0 106.0 0.0 0.0 3.0 7.0 
0.0 4.0 2.0 0.2 0.6666666666666667 0.3 17.0 92.0 0.0 2.0 3.0 9.0 
1.0 5.0 2.0 0.08888888888888889 0.5 0.2 25.0 150.0 0.0 3.0 3.0 6.0 
2.0 4.0 2.0 0.10714285714285714 0.3333333333333333 0.0 26.0 138.0 0.0 2.0 2.0 5.0 
3.0 4.0 2.0 0.01818181818181818 0.0 0.0 20.0 115.0 0.0 0.0 1.0 3.0 
18.0 11.0 2.0 0.008456659619450317 0.5 0.2 154.0 561.0 0.0 3.0 3.0 8.0 
0.0 2.0 2.0 0.4 0.375 0.0 14.0 287.0 0.0 2.0 2.0 6.0 
2.0 5.0 2.0 0.019943019943019943 0.3333333333333333 0.0 77.0 325.0 0.0 0.0 2.0 5.0 
1.0 6.0 2.0 0.2 0.5 0.2 14.0 106.0 0.0 3.0 3.0 8.0 
1.0 7.0 2.0 0.09090909090909091 0.6 0.16666666666666666 27.0 156.0 0.0 4.0 4.0 10.0 
0.0 5.0 2.0 0.23809523809523808 0.6666666666666666 0.0 12.0 75.0 0.0 5.0 5.0 7.0 
0.0 2.0 2.0 0.3333333333333333 0.0 0.0 10.0 68.0 0.0 0.0 1.0 5.0 
0.0 4.0 2.0 0.19047619047619047 0.6 0.0 12.0 88.0 0.0 4.0 4.0 8.0 
0.0 1.0 2.0 0.16666666666666666 0.0 0.0 8.0 47.0 0.0 0.0 1.0 3.0 
1.0 4.0 2.0 0.3 0.5 0.0 16.0 106.0 0.0 3.0 3.0 7.0 
0.0 3.0 2.0 0.2 0.3333333333333333 0.0 9.0 61.0 0.0 2.0 2.0 5.0 
17.0 6.0 2.0 0.14285714285714285 0.5 0.0 22.0 156.0 0.0 3.0 3.0 6.0 
9.0 3.0 2.0 0.2 0.3333333333333333 0.0 16.0 126.0 0.0 2.0 2.0 6.0 
0.0 4.0 2.0 0.09523809523809523 0.3333333333333333 0.4 21.0 117.0 0.0 0.0 2.0 7.0 
0.0 3.0 2.0 0.19047619047619047 0.375 0.3333333333333333 26.0 115.0 0.0 0.0 2.0 8.0 
0.0 4.0 2.0 0.029411764705882353 0.375 0.75 22.0 144.0 0.0 2.0 2.0 19.0 
0.0 5.0 2.0 0.07142857142857142 0.3333333333333333 0.0 16.0 114.0 0.0 2.0 2.0 5.0 
4.0 8.0 2.0 0.08571428571428572 0.8 0.0 45.0 258.0 0.0 9.0 9.0 12.0 
0.0 7.0 2.0 0.09090909090909091 0.6666666666666666 0.0 20.0 148.0 0.0 4.0 5.0 8.0 
5.0 5.0 2.0 0.03636363636363636 0.3333333333333333 0.0 46.0 302.0 0.0 2.0 2.0 5.0 
3.0 7.0 2.0 0.10606060606060606 0.75 0.0 25.0 173.0 0.0 7.0 7.0 10.0 
11.0 8.0 2.0 0.05128205128205128 0.6 0.0 21.0 185.0 0.0 4.0 4.0 7.0 
0.0 4.0 2.0 0.2 0.0 0.0 17.0 99.0 0.0 1.0 1.0 6.0 
1.0 6.0 2.0 0.14285714285714285 0.6 0.0 22.0 125.0 0.0 4.0 4.0 8.0 
0.0 5.0 2.0 0.1388888888888889 0.6 0.0 20.0 150.0 0.0 3.0 4.0 7.0 
0.0 11.0 2.0 0.054945054945054944 0.6666666666666666 0.0 32.0 201.0 0.0 5.0 5.0 9.0 
0.0 3.0 1.0 0.25 0.761904761904762 0.0 23.0 137.0 0.0 3.0 7.0 12.0 
0.0 4.0 2.0 0.2 0.5 0.0 15.0 111.0 0.0 3.0 3.0 6.0 
2.0 6.0 2.0 0.08333333333333333 0.3333333333333333 0.0 13.0 281.0 0.0 0.0 2.0 5.0 
0.0 7.0 2.0 0.19047619047619047 0.64 0.0 19.0 104.0 0.0 4.0 5.0 7.0 
0.0 6.0 1.0 0.15151515151515152 0.7936507936507936 0.09090909090909091 29.0 160.0 0.0 4.0 7.0 15.0 
3.0 6.0 2.0 0.13333333333333333 0.0 0.0 32.0 164.0 0.0 1.0 1.0 4.0 
5.0 2.0 2.0 0.14285714285714285 0.0 0.0 23.0 135.0 0.0 1.0 1.0 5.0 
0.0 4.0 1.0 0.35555555555555557 0.6666666666666666 0.0 26.0 142.0 0.0 2.0 5.0 11.0 
5.0 5.0 2.0 0.14285714285714285 0.6 0.0 23.0 125.0 0.0 3.0 4.0 7.0 
3.0 6.0 2.0 0.13333333333333333 0.0 0.0 30.0 162.0 0.0 1.0 1.0 4.0 
1.0 4.0 2.0 0.09523809523809523 0.3333333333333333 0.0 19.0 111.0 0.0 2.0 2.0 5.0 
0.0 7.0 2.0 0.2 0.3333333333333333 0.0 15.0 176.0 0.0 2.0 2.0 9.0 
0.0 1.0 2.0 0.3333333333333333 0.3333333333333333 0.0 10.0 172.0 0.0 2.0 2.0 5.0 
1.0 7.0 2.0 0.08333333333333333 0.0 0.0 24.0 142.0 0.0 1.0 1.0 6.0 
0.0 6.0 2.0 0.04395604395604396 0.5 0.0 34.0 214.0 0.0 2.0 3.0 8.0 
0.0 10.0 2.0 0.03333333333333333 0.6 0.0 35.0 192.0 0.0 4.0 4.0 7.0 
0.0 3.0 2.0 0.16666666666666666 0.0 0.0 11.0 62.0 0.0 0.0 1.0 5.0 
0.0 6.0 2.0 0.0 0.85 0.0 6.0 49.0 0.0 0.0 5.0 5.0 
12.0 3.0 2.0 0.2 0.6666666666666667 0.2 19.0 145.0 0.0 2.0 3.0 7.0 
0.0 7.0 2.0 0.03684210526315789 0.75 0.0 51.0 288.0 0.0 4.0 7.0 11.0 
3.0 5.0 2.0 0.13333333333333333 0.765625 0.16666666666666666 39.0 232.0 0.0 4.0 8.0 11.0 
0.0 4.0 2.0 0.17777777777777778 0.5 0.0 20.0 139.0 0.0 3.0 3.0 7.0 
17.0 8.0 2.0 0.21428571428571427 0.0 0.2 31.0 152.0 0.0 1.0 1.0 11.0 
11.0 7.0 2.0 0.2777777777777778 0.0 0.0 28.0 136.0 0.0 1.0 1.0 10.0 
0.0 4.0 2.0 0.2777777777777778 0.6333333333333333 0.0 22.0 120.0 0.0 0.0 5.0 7.0 
9.0 3.0 2.0 0.09523809523809523 0.3333333333333333 0.0 17.0 95.0 0.0 0.0 2.0 5.0 
0.0 5.0 1.0 0.4393939393939394 0.696969696969697 0.0 30.0 167.0 0.0 2.0 6.0 14.0 
1.0 7.0 2.0 0.044444444444444446 0.3333333333333333 0.0 26.0 152.0 0.0 0.0 2.0 5.0 
0.0 5.0 1.0 0.37777777777777777 0.7555555555555555 0.2 14.0 85.0 0.0 0.0 5.0 12.0 
0.0 5.0 2.0 0.14285714285714285 0.5 0.0 13.0 86.0 0.0 2.0 3.0 6.0 
0.0 4.0 1.0 0.5833333333333334 0.6666666666666667 0.2222222222222222 13.0 72.0 0.0 1.0 3.0 11.0 
0.0 4.0 2.0 0.2 0.3333333333333333 0.0 12.0 76.0 0.0 2.0 2.0 5.0 
1.0 3.0 2.0 0.03636363636363636 0.3333333333333333 0.0 29.0 157.0 0.0 2.0 2.0 6.0 
1.0 5.0 2.0 0.02857142857142857 0.5 0.0 40.0 245.0 0.0 3.0 3.0 6.0 
0.0 2.0 2.0 0.2 0.3333333333333333 0.0 10.0 58.0 0.0 2.0 2.0 4.0 
0.0 4.0 2.0 0.030303030303030304 0.3333333333333333 0.0 39.0 195.0 0.0 2.0 2.0 6.0 
0.0 6.0 2.0 0.07575757575757576 0.5333333333333333 0.16666666666666666 36.0 176.0 0.0 3.0 3.0 8.0 
1.0 4.0 2.0 0.2 0.5 0.0 14.0 93.0 0.0 3.0 3.0 7.0 
1.0 2.0 2.0 0.02857142857142857 0.16666666666666666 0.0 22.0 180.0 0.0 0.0 2.0 5.0 
1.0 4.0 2.0 0.02857142857142857 0.0 0.0 60.0 315.0 0.0 1.0 1.0 7.0 
1.0 4.0 2.0 0.18681318681318682 0.3333333333333333 0.0 26.0 171.0 0.0 0.0 2.0 5.0 
3.0 6.0 5.0 0.0 0.0 0.0 111.0 498.0 0.0 0.0 0.0 1.0 
0.0 5.0 2.0 0.15555555555555556 0.4 0.2222222222222222 23.0 149.0 0.0 1.0 2.0 13.0 
1.0 7.0 2.0 0.13725490196078433 0.7142857142857143 0.125 33.0 213.0 0.0 6.0 6.0 10.0 
0.0 3.0 2.0 0.4444444444444444 0.0 0.0 19.0 120.0 0.0 0.0 1.0 5.0 
0.0 4.0 2.0 0.09090909090909091 0.5 0.0 25.0 148.0 0.0 3.0 3.0 7.0 
1.0 2.0 2.0 0.13333333333333333 0.3333333333333333 0.0 31.0 143.0 0.0 2.0 2.0 5.0 
6.0 10.0 2.0 0.0 0.9090909090909091 0.0 38.0 313.0 0.0 10.0 11.0 12.0 
9.0 7.0 2.0 0.2 0.8391608391608391 0.1111111111111111 31.0 221.0 0.0 7.0 13.0 17.0 
14.0 1.0 2.0 0.0 0.0 0.0 13.0 116.0 0.0 0.0 0.0 2.0 
0.0 2.0 3.0 0.1 0.0 0.24 7.0 49.0 0.0 0.0 1.0 5.0 
8.0 8.0 4.0 5.290072297654734E-4 0.0 0.0 204.0 1049.0 0.0 0.0 0.0 2.0 
16.0 2.0 4.0 0.0 0.0 0.0 18.0 147.0 0.0 0.0 0.0 2.0 
3.0 1.0 4.0 0.0 0.0 0.0 9.0 82.0 0.0 0.0 0.0 3.0 
6.0 2.0 3.0 0.0 0.0 0.0 5.0 92.0 0.0 0.0 0.0 1.0 
8.0 8.0 3.0 0.0 0.0 0.0 86.0 564.0 0.0 0.0 0.0 3.0 
8.0 3.0 2.0 0.14285714285714285 0.0 1.0 61.0 374.0 0.0 0.0 0.0 1.0 
22.0 8.0 4.0 0.031746031746031744 0.0 0.0 338.0 2064.0 0.0 0.0 0.0 2.0 
2.0 2.0 2.0 0.3333333333333333 0.0 0.3333333333333333 15.0 64.0 0.0 0.0 2.0 3.0 
0.0 7.0 1.0 0.3 0.6666666666666666 0.08888888888888889 23.0 160.0 0.0 2.0 3.0 19.0 
11.0 8.0 1.0 0.16363636363636364 0.611111111111111 0.1717171717171717 15.0 133.0 0.0 0.0 3.0 11.0 
0.0 0.0 2.0 0.5 0.7222222222222223 0.1527777777777778 28.0 179.0 0.0 2.0 6.0 10.0 
2.0 2.0 3.0 0.36363636363636365 0.48148148148148145 0.1 23.0 123.0 0.0 0.0 3.0 11.0 
0.0 0.0 6.0 0.0 0.0 0.0 17.0 95.0 0.0 0.0 0.0 1.0 
5.0 2.0 1.0 0.3611111111111111 0.5833333333333334 0.19444444444444445 10.0 65.0 0.0 0.0 2.0 9.0 
4.0 3.0 2.0 0.2 0.25 0.25 10.0 81.0 0.0 0.0 2.0 6.0 
3.0 2.0 2.0 0.3 0.0 0.3 10.0 67.0 0.0 0.0 1.0 5.0 
0.0 0.0 3.0 0.0 0.6666666666666666 0.11764705882352941 29.0 156.0 0.0 3.0 3.0 19.0 
0.0 0.0 2.0 0.06593406593406594 0.8541666666666667 0.14285714285714285 24.0 155.0 0.0 5.0 6.0 15.0 
13.0 5.0 2.0 0.25 0.6737967914438503 0.09558823529411764 42.0 326.0 0.0 1.0 17.0 20.0 
3.0 1.0 2.0 0.06666666666666667 0.8333333333333334 0.2222222222222222 18.0 116.0 0.0 3.0 6.0 7.0 
0.0 0.0 3.0 0.0 0.5 0.4 11.0 76.0 0.0 2.0 2.0 6.0 
7.0 7.0 1.0 0.26666666666666666 0.7333333333333333 0.16666666666666666 11.0 91.0 0.0 0.0 6.0 8.0 
2.0 4.0 1.0 0.23076923076923078 0.8282828282828283 0.16666666666666666 36.0 228.0 0.0 4.0 9.0 15.0 
6.0 3.0 2.0 0.3333333333333333 0.775 0.23333333333333334 16.0 150.0 0.0 1.0 8.0 7.0 
4.0 4.0 3.0 0.15555555555555556 0.75 0.2 25.0 150.0 0.0 0.0 4.0 11.0 
4.0 4.0 2.0 0.10606060606060606 0.75 0.2 25.0 151.0 0.0 0.0 4.0 13.0 
1.0 3.0 2.0 0.08791208791208792 0.6666666666666666 0.12857142857142856 26.0 143.0 0.0 2.0 3.0 15.0 
1.0 5.0 1.0 0.4 0.7301587301587301 0.3 35.0 252.0 0.0 0.0 7.0 15.0 
5.0 5.0 1.0 0.3047619047619048 0.7846153846153846 0.18571428571428572 42.0 324.0 0.0 2.0 10.0 16.0 
5.0 3.0 1.0 0.4375 0.4720496894409938 0.2 44.0 619.0 0.0 1.0 7.0 32.0 
7.0 3.0 1.0 0.17857142857142858 0.6666666666666667 0.14583333333333334 31.0 187.0 0.0 0.0 6.0 8.0 
12.0 3.0 3.0 0.5 0.2 0.14583333333333334 29.0 173.0 0.0 0.0 2.0 8.0 
5.0 5.0 2.0 0.07272727272727272 0.5416666666666666 0.225 35.0 256.0 0.0 0.0 8.0 8.0 
3.0 3.0 1.0 0.14545454545454545 0.5833333333333334 0.21818181818181817 28.0 275.0 0.0 1.0 3.0 11.0 
6.0 5.0 2.0 0.10714285714285714 0.5238095238095238 0.2857142857142857 26.0 190.0 0.0 0.0 7.0 7.0 
2.0 3.0 1.0 0.0196078431372549 0.6666666666666666 0.18518518518518517 28.0 323.0 0.0 0.0 4.0 18.0 
5.0 3.0 1.0 0.16666666666666666 0.5416666666666666 0.2 25.0 237.0 0.0 1.0 6.0 11.0 
3.0 9.0 1.0 0.3076923076923077 0.828125 0.13392857142857142 44.0 347.0 0.0 5.0 16.0 18.0 
3.0 1.0 1.0 0.08923076923076922 0.7768595041322314 0.12280701754385964 108.0 583.0 0.0 0.0 11.0 19.0 
3.0 2.0 2.0 0.07272727272727272 0.7916666666666666 0.1 32.0 214.0 0.0 0.0 8.0 10.0 
6.0 2.0 1.0 0.4666666666666667 0.625 0.25 34.0 215.0 0.0 0.0 6.0 6.0 
6.0 6.0 1.0 0.3333333333333333 0.7083333333333334 0.2571428571428571 31.0 219.0 0.0 1.0 8.0 9.0 
3.0 3.0 1.0 0.5 0.6 0.3 23.0 155.0 0.0 1.0 5.0 8.0 
3.0 1.0 1.0 0.2761904761904762 0.8016528925619835 0.09523809523809523 27.0 214.0 0.0 1.0 11.0 15.0 
1.0 1.0 1.0 0.25 0.6857142857142857 0.16666666666666666 15.0 119.0 0.0 0.0 7.0 8.0 
3.0 3.0 1.0 0.4 0.4444444444444445 0.2 10.0 87.0 0.0 0.0 3.0 6.0 
6.0 3.0 1.0 0.2761904761904762 0.7909090909090909 0.08571428571428572 30.0 243.0 0.0 1.0 10.0 15.0 
3.0 2.0 2.0 0.17857142857142858 0.5833333333333334 0.16666666666666666 31.0 201.0 0.0 0.0 9.0 9.0 
5.0 2.0 2.0 0.5 0.5357142857142857 0.2 40.0 357.0 0.0 0.0 7.0 6.0 
7.0 4.0 2.0 0.4 0.7333333333333334 0.16666666666666666 54.0 370.0 0.0 0.0 10.0 7.0 
7.0 3.0 1.0 0.17777777777777778 0.6333333333333333 0.16 24.0 179.0 0.0 0.0 12.0 10.0 
1.0 5.0 1.0 0.32727272727272727 0.7222222222222222 0.2 30.0 210.0 0.0 2.0 9.0 16.0 
6.0 3.0 1.0 0.17777777777777778 0.7638888888888888 0.25 25.0 200.0 0.0 3.0 9.0 14.0 
2.0 3.0 1.0 0.14285714285714285 0.72 0.42857142857142855 12.0 103.0 0.0 0.0 5.0 9.0 
1.0 3.0 1.0 0.2967032967032967 0.7676767676767677 0.11666666666666667 29.0 187.0 0.0 2.0 9.0 15.0 
4.0 2.0 2.0 0.2545454545454545 0.7803030303030303 0.15 26.0 258.0 0.0 0.0 22.0 11.0 
3.0 6.0 1.0 0.16666666666666666 0.8307692307692307 0.125 35.0 249.0 0.0 6.0 13.0 19.0 
1.0 2.0 1.0 0.6388888888888888 0.7 0.16666666666666666 16.0 108.0 0.0 1.0 5.0 11.0 
2.0 4.0 1.0 0.75 0.5 0.175 14.0 89.0 0.0 0.0 2.0 11.0 
5.0 3.0 2.0 0.4722222222222222 0.6666666666666667 0.1388888888888889 41.0 276.0 0.0 0.0 3.0 11.0 
1.0 3.0 1.0 0.5714285714285714 0.6190476190476192 0.175 24.0 146.0 0.0 1.0 6.0 11.0 
0.0 3.0 1.0 0.16993464052287582 0.8406593406593407 0.175 40.0 246.0 0.0 1.0 14.0 19.0 
7.0 4.0 1.0 0.31054131054131057 0.8364389233954451 0.22608695652173913 87.0 476.0 0.0 2.0 23.0 26.0 
2.0 3.0 1.0 0.15789473684210525 0.7916666666666666 0.09473684210526316 47.0 237.0 0.0 1.0 8.0 21.0 
6.0 2.0 1.0 0.1723076923076923 0.8235294117647058 0.19047619047619047 74.0 431.0 0.0 1.0 21.0 23.0 
2.0 4.0 1.0 0.39166666666666666 0.8166666666666667 0.2625 61.0 409.0 0.0 1.0 16.0 18.0 
0.0 4.0 1.0 0.3333333333333333 0.8055555555555555 0.24615384615384617 42.0 276.0 0.0 1.0 12.0 15.0 
2.0 2.0 3.0 0.2 0.625 0.2222222222222222 24.0 172.0 0.0 1.0 8.0 10.0 
5.0 5.0 2.0 0.6666666666666666 0.55 0.16666666666666666 13.0 97.0 0.0 0.0 4.0 7.0 
2.0 3.0 1.0 0.3076923076923077 0.7604166666666666 0.15 34.0 225.0 0.0 3.0 8.0 14.0 
3.0 3.0 2.0 0.5714285714285714 0.5666666666666667 0.14285714285714285 17.0 118.0 0.0 1.0 5.0 8.0 
3.0 3.0 2.0 0.7142857142857143 0.6333333333333333 0.14285714285714285 17.0 96.0 0.0 1.0 5.0 8.0 
7.0 6.0 1.0 0.2987012987012987 0.7738095238095238 0.16666666666666666 48.0 307.0 0.0 4.0 14.0 23.0 
0.0 0.0 1.0 0.14285714285714285 0.0 0.2857142857142857 17.0 87.0 0.0 0.0 1.0 7.0 
0.0 1.0 3.0 0.0 0.0 0.17857142857142858 12.0 60.0 0.0 0.0 0.0 7.0 
0.0 1.0 1.0 0.1 0.0 0.3 8.0 53.0 0.0 0.0 1.0 5.0 
0.0 1.0 3.0 0.0 0.0 0.17857142857142858 10.0 57.0 0.0 0.0 0.0 7.0 
0.0 1.0 1.0 0.08791208791208792 0.9444444444444444 0.09523809523809523 19.0 107.0 0.0 8.0 10.0 14.0 
0.0 0.0 2.0 0.07142857142857142 0.6666666666666666 0.1875 15.0 106.0 0.0 0.0 2.0 8.0 
0.0 2.0 1.0 0.10294117647058823 0.8099173553719009 0.24705882352941178 45.0 303.0 0.0 1.0 11.0 19.0 
0.0 4.0 1.0 0.1111111111111111 0.8214285714285714 0.2222222222222222 23.0 153.0 0.0 3.0 7.0 13.0 
1.0 1.0 2.0 0.0 0.8 0.16666666666666666 18.0 88.0 0.0 2.0 5.0 7.0 
0.0 1.0 2.0 0.0 0.75 0.2 14.0 82.0 0.0 2.0 4.0 7.0 
0.0 7.0 1.0 0.12333333333333334 0.9090909090909092 0.07246376811594203 55.0 283.0 0.0 8.0 22.0 25.0 
0.0 2.0 1.0 0.2 0.7592592592592592 0.5 17.0 165.0 0.0 2.0 9.0 8.0 
0.0 3.0 1.0 0.15151515151515152 0.8 0.09090909090909091 21.0 124.0 0.0 5.0 5.0 14.0 
0.0 1.0 1.0 0.030303030303030304 0.8777777777777779 0.09090909090909091 29.0 163.0 0.0 8.0 9.0 18.0 
3.0 1.0 1.0 0.1 0.6666666666666666 0.25 10.0 63.0 0.0 2.0 3.0 7.0 
0.0 1.0 1.0 0.1 0.6666666666666666 0.25 13.0 80.0 0.0 2.0 3.0 7.0 
0.0 2.0 1.0 0.13333333333333333 0.7 0.2 19.0 97.0 0.0 2.0 4.0 7.0 
1.0 1.0 2.0 0.0 0.75 0.2 16.0 73.0 0.0 2.0 4.0 6.0 
0.0 1.0 1.0 0.0 0.6666666666666666 0.0 12.0 83.0 0.0 0.0 3.0 9.0 
0.0 1.0 1.0 0.1 0.6666666666666666 0.25 10.0 58.0 0.0 3.0 3.0 7.0 
2.0 4.0 1.0 0.10714285714285714 0.8125 0.3125 20.0 130.0 0.0 2.0 8.0 11.0 
1.0 1.0 2.0 0.0 0.7999999999999999 0.16666666666666666 9.0 70.0 0.0 5.0 5.0 8.0 
0.0 2.0 1.0 0.14285714285714285 0.7333333333333334 0.16666666666666666 19.0 116.0 0.0 5.0 5.0 8.0 
18.0 2.0 2.0 0.038461538461538464 0.6666666666666666 0.18461538461538463 39.0 262.0 0.0 2.0 3.0 14.0 
0.0 1.0 1.0 0.16666666666666666 0.75 0.1 21.0 133.0 0.0 5.0 6.0 13.0 
0.0 2.0 1.0 0.1111111111111111 0.7714285714285715 0.14285714285714285 17.0 102.0 0.0 5.0 5.0 10.0 
16.0 3.0 2.0 0.045454545454545456 0.5 0.2 32.0 242.0 0.0 2.0 2.0 13.0 
0.0 0.0 1.0 0.16363636363636364 0.7333333333333333 0.1111111111111111 22.0 130.0 0.0 5.0 5.0 12.0 
0.0 0.0 1.0 0.09523809523809523 0.5833333333333334 0.16666666666666666 14.0 80.0 0.0 3.0 3.0 9.0 
1.0 1.0 3.0 0.2210144927536232 0.8367346938775511 0.10648148148148148 45.0 371.0 0.0 0.0 14.0 25.0 
1.0 0.0 3.0 0.0 0.0 1.0 5.0 54.0 0.0 0.0 2.0 2.0 
1.0 1.0 5.0 0.1111111111111111 0.7083333333333334 0.0 13.0 78.0 0.0 4.0 4.0 9.0 
7.0 4.0 1.0 0.13333333333333333 0.65 0.23333333333333334 33.0 192.0 0.0 0.0 4.0 6.0 
6.0 3.0 3.0 0.5 0.16666666666666674 0.3 16.0 127.0 0.0 0.0 3.0 4.0 
0.0 1.0 2.0 0.0036231884057971015 0.0 0.225 48.0 211.0 0.0 0.0 2.0 24.0 
7.0 2.0 1.0 0.17777777777777778 0.8444444444444444 0.12857142857142856 19.0 124.0 0.0 6.0 5.0 10.0 
6.0 2.0 2.0 0.10714285714285714 0.25 0.18571428571428572 42.0 462.0 0.0 0.0 2.0 7.0 
4.0 3.0 1.0 0.1794871794871795 0.7857142857142858 0.16666666666666666 35.0 279.0 0.0 2.0 14.0 17.0 
1.0 3.0 1.0 0.42857142857142855 0.7440476190476192 0.13333333333333333 68.0 448.0 0.0 2.0 12.0 18.0 
1.0 3.0 5.0 0.26666666666666666 0.4 0.13333333333333333 21.0 152.0 0.0 0.0 3.0 11.0 
1.0 3.0 4.0 0.4166666666666667 0.65625 0.15555555555555556 19.0 144.0 0.0 0.0 4.0 10.0 
1.0 5.0 5.0 0.37777777777777777 0.6428571428571429 0.14 26.0 185.0 0.0 0.0 4.0 12.0 
5.0 3.0 1.0 0.3333333333333333 0.782051282051282 0.15625 63.0 465.0 0.0 2.0 18.0 19.0 
0.0 2.0 5.0 0.14285714285714285 0.3333333333333333 0.23809523809523808 16.0 135.0 0.0 0.0 4.0 8.0 
0.0 4.0 1.0 0.14285714285714285 0.8095238095238096 0.4642857142857143 16.0 145.0 0.0 2.0 7.0 10.0 
3.0 3.0 2.0 0.0 0.0 0.3111111111111111 19.0 144.0 0.0 0.0 0.0 9.0 
0.0 1.0 3.0 0.0 0.0 0.5 5.0 52.0 0.0 0.0 0.0 2.0 
0.0 4.0 1.0 0.17777777777777778 0.7638888888888888 0.28 48.0 317.0 0.0 4.0 9.0 12.0 
8.0 5.0 1.0 0.11538461538461539 0.75 0.07692307692307693 34.0 235.0 0.0 2.0 6.0 19.0 
5.0 3.0 1.0 0.10606060606060606 0.611111111111111 0.08333333333333333 22.0 150.0 0.0 2.0 3.0 18.0 
19.0 8.0 1.0 0.13043478260869565 0.8263888888888888 0.043478260869565216 55.0 418.0 0.0 4.0 9.0 33.0 
17.0 8.0 1.0 0.1695906432748538 0.7435897435897437 0.05263157894736842 51.0 387.0 0.0 3.0 6.0 28.0 
19.0 9.0 1.0 0.10461538461538461 0.7261904761904763 0.04195804195804196 60.0 411.0 0.0 3.0 6.0 35.0 
7.0 7.0 1.0 0.2276923076923077 0.7759740259740259 0.06153846153846154 63.0 447.0 0.0 6.0 14.0 35.0 
9.0 7.0 1.0 0.3090909090909091 0.5833333333333334 0.09090909090909091 27.0 201.0 0.0 1.0 3.0 17.0 
12.0 9.0 1.0 0.08187134502923976 0.8058823529411765 0.08187134502923976 52.0 375.0 0.0 2.0 17.0 24.0 
0.0 0.0 5.0 0.0 0.6666666666666666 0.0 11.0 72.0 0.0 2.0 3.0 10.0 
2.0 2.0 1.0 0.058823529411764705 0.918552036199095 0.05555555555555555 24.0 156.0 0.0 10.0 13.0 20.0 
0.0 0.0 3.0 0.05714285714285714 0.0 0.18888888888888888 32.0 172.0 0.0 0.0 1.0 15.0 
22.0 8.0 1.0 0.19367588932806323 0.8024691358024691 0.04743083003952569 74.0 528.0 0.0 6.0 9.0 33.0 
1.0 2.0 2.0 0.17777777777777778 0.7714285714285715 0.16666666666666666 24.0 155.0 0.0 4.0 5.0 10.0 
5.0 4.0 1.0 0.10989010989010989 0.5714285714285714 0.07142857142857142 52.0 390.0 0.0 1.0 4.0 20.0 
7.0 6.0 1.0 0.13043478260869565 0.8444444444444444 0.041666666666666664 37.0 249.0 0.0 9.0 9.0 32.0 
2.0 3.0 1.0 0.13333333333333333 0.5 0.20833333333333334 46.0 257.0 0.0 0.0 4.0 6.0 
6.0 4.0 2.0 0.19444444444444445 0.74 0.2222222222222222 23.0 185.0 0.0 0.0 10.0 9.0 
20.0 11.0 2.0 0.006349206349206349 0.0 0.0 165.0 1152.0 0.0 0.0 0.0 2.0 
4.0 3.0 1.0 0.0 0.6666666666666666 0.18181818181818182 21.0 137.0 0.0 2.0 3.0 16.0 
10.0 5.0 1.0 0.14285714285714285 0.7662337662337663 0.07142857142857142 39.0 253.0 0.0 3.0 7.0 23.0 
13.0 5.0 2.0 0.0989010989010989 0.8333333333333334 0.125 29.0 303.0 0.0 0.0 15.0 13.0 
1.0 1.0 2.0 0.025 0.8 0.08888888888888889 43.0 372.0 0.0 6.0 3.0 15.0 
6.0 5.0 2.0 0.16363636363636364 0.5555555555555556 0.1125 30.0 252.0 0.0 0.0 6.0 10.0 
9.0 5.0 2.0 0.10256410256410256 0.8666666666666666 0.1527777777777778 44.0 382.0 0.0 0.0 15.0 12.0 
16.0 5.0 2.0 0.1 0.673469387755102 0.09523809523809523 55.0 430.0 2.0 0.0 7.0 15.0 
12.0 4.0 2.0 0.12727272727272726 0.6 0.14285714285714285 41.0 298.0 0.0 0.0 5.0 10.0 
10.0 2.0 2.0 0.0 0.0 0.175 27.0 213.0 0.0 0.0 0.0 8.0 
0.0 0.0 2.0 0.0 0.0 0.2 13.0 144.0 0.0 0.0 1.0 5.0 
0.0 1.0 2.0 0.14619883040935672 0.8076923076923077 0.0784313725490196 39.0 234.0 0.0 8.0 6.0 17.0 
0.0 3.0 1.0 0.0 0.8333333333333334 0.125 13.0 94.0 0.0 5.0 6.0 12.0 
0.0 1.0 1.0 0.0 0.8 0.0 7.0 44.0 0.0 5.0 5.0 7.0 
0.0 0.0 1.0 0.12727272727272726 0.75 0.09090909090909091 15.0 89.0 0.0 6.0 6.0 14.0 
0.0 1.0 1.0 0.1192090395480226 0.6666666666666667 0.20512820512820512 195.0 1321.0 0.0 2.0 3.0 31.0 
0.0 1.0 1.0 0.30564784053156147 0.6666666666666667 0.22916666666666666 137.0 722.0 0.0 0.0 3.0 36.0 
0.0 0.0 5.0 0.0 0.0 0.0 4.0 36.0 2.0 0.0 2.0 3.0 
11.0 4.0 1.0 0.15483870967741936 0.8620037807183365 0.053763440860215055 101.0 689.0 0.0 0.0 23.0 34.0 
2.0 2.0 1.0 0.4 0.5 0.16666666666666666 15.0 100.0 0.0 0.0 2.0 11.0 
7.0 3.0 1.0 0.14285714285714285 0.75 0.07142857142857142 56.0 389.0 0.0 0.0 9.0 16.0 
11.0 2.0 1.0 0.20899470899470898 0.7678571428571429 0.06428571428571428 82.0 462.0 0.0 3.0 8.0 34.0 
10.0 3.0 1.0 0.19047619047619047 0.5 0.06666666666666667 37.0 202.0 0.0 0.0 2.0 20.0 
8.0 12.0 1.0 0.0761904761904762 0.9093333333333333 0.08888888888888889 33.0 297.0 0.0 7.0 25.0 18.0 
0.0 4.0 1.0 0.10989010989010989 0.8421052631578948 0.07142857142857142 29.0 246.0 0.0 5.0 19.0 19.0 
1.0 3.0 1.0 0.2549019607843137 0.8235294117647058 0.09259259259259259 64.0 385.0 0.0 5.0 20.0 21.0 
0.0 5.0 1.0 0.16483516483516483 0.7954545454545455 0.07142857142857142 41.0 288.0 11.0 7.0 22.0 19.0 
0.0 2.0 1.0 0.6428571428571429 0.5 0.125 51.0 367.0 25.0 0.0 28.0 12.0 
8.0 4.0 1.0 0.3333333333333333 0.71875 0.1 19.0 131.0 0.0 1.0 8.0 14.0 
21.0 9.0 1.0 0.21904761904761905 0.8 0.08465608465608465 49.0 314.0 0.0 4.0 10.0 25.0 
4.0 4.0 1.0 0.1111111111111111 0.8392857142857143 0.0 16.0 105.0 0.0 4.0 7.0 15.0 
18.0 12.0 1.0 0.03231292517006803 0.9444444444444444 0.025 70.0 427.0 0.0 28.0 32.0 44.0 
16.0 9.0 1.0 0.18421052631578946 0.7897727272727273 0.05 42.0 277.0 0.0 6.0 11.0 25.0 
0.0 4.0 1.0 0.2727272727272727 0.3333333333333333 0.15625 25.0 144.0 0.0 0.0 4.0 10.0 
0.0 5.0 1.0 0.4266666666666667 0.746376811594203 0.10666666666666667 81.0 430.0 0.0 3.0 6.0 31.0 
45.0 8.0 1.0 0.2752414398595259 0.6755555555555556 0.07275132275132275 234.0 1449.0 0.0 1.0 5.0 71.0 
1.0 3.0 1.0 0.5144230769230769 0.6890756302521007 0.07203389830508475 251.0 1606.0 0.0 0.0 7.0 67.0 
2.0 3.0 1.0 0.3292307692307692 0.75 0.1 62.0 322.0 0.0 2.0 4.0 25.0 
1.0 2.0 1.0 0.509090909090909 0.6666666666666667 0.15151515151515152 33.0 177.0 2.0 1.0 3.0 15.0 
2.0 2.0 1.0 0.36666666666666664 0.5416666666666666 0.08928571428571429 50.0 269.0 0.0 3.0 4.0 18.0 
1.0 3.0 1.0 0.6727272727272727 0.6727272727272727 0.18181818181818182 45.0 256.0 0.0 0.0 5.0 15.0 
0.0 1.0 1.0 0.21428571428571427 0.6 0.2 20.0 115.0 0.0 2.0 5.0 10.0 
4.0 5.0 1.0 0.16363636363636364 0.6428571428571429 0.14285714285714285 32.0 190.0 0.0 2.0 4.0 10.0 
0.0 0.0 1.0 0.4 0.5 0.5 43.0 194.0 0.0 0.0 3.0 9.0 
0.0 1.0 4.0 0.0 0.0 0.0 3.0 62.0 0.0 0.0 0.0 3.0 
0.0 2.0 2.0 0.3333333333333333 0.0 0.0 7.0 52.0 0.0 1.0 1.0 4.0 
0.0 3.0 2.0 0.3333333333333333 0.25 0.0 8.0 48.0 0.0 1.0 2.0 3.0 
0.0 2.0 2.0 0.3333333333333333 0.0 0.0 10.0 55.0 0.0 0.0 1.0 5.0 
0.0 5.0 2.0 0.2 0.3333333333333333 0.0 10.0 67.0 0.0 2.0 2.0 6.0 
0.0 3.0 2.0 0.2 0.625 0.0 11.0 83.0 0.0 3.0 6.0 6.0 
0.0 3.0 2.0 0.2 0.5 0.0 13.0 84.0 0.0 3.0 3.0 7.0 
0.0 3.0 2.0 0.21428571428571427 0.625 0.0 13.0 84.0 0.0 4.0 4.0 8.0 
0.0 4.0 2.0 0.2 0.3333333333333333 0.0 8.0 57.0 0.0 0.0 2.0 4.0 
0.0 4.0 2.0 0.3333333333333333 0.25 0.0 14.0 75.0 0.0 2.0 2.0 7.0 
0.0 5.0 2.0 0.3333333333333333 0.4 0.0 15.0 83.0 0.0 3.0 3.0 8.0 
0.0 3.0 2.0 0.3 0.0 0.0 13.0 59.0 0.0 1.0 1.0 5.0 
1.0 3.0 2.0 0.2727272727272727 0.5833333333333334 0.3333333333333333 26.0 143.0 0.0 7.0 4.0 11.0 
1.0 10.0 2.0 0.22058823529411764 0.7799999999999999 0.06666666666666667 42.0 243.0 0.0 13.0 10.0 17.0 
1.0 7.0 2.0 0.24358974358974358 0.7272727272727273 0.0 39.0 223.0 0.0 8.0 9.0 12.0 
0.0 5.0 2.0 0.3333333333333333 0.4 0.0 23.0 120.0 0.0 3.0 3.0 11.0 
1.0 4.0 2.0 0.23809523809523808 0.5333333333333333 0.0 24.0 137.0 0.0 3.0 3.0 8.0 
1.0 4.0 2.0 0.28888888888888886 0.47619047619047616 0.14285714285714285 29.0 153.0 0.0 5.0 3.0 12.0 
0.0 3.0 2.0 0.3333333333333333 0.5 0.0 16.0 82.0 0.0 2.0 3.0 7.0 
0.0 3.0 2.0 0.3333333333333333 0.25 0.0 17.0 93.0 0.0 0.0 2.0 6.0 
1.0 1.0 2.0 0.2 0.5 0.0 10.0 59.0 0.0 2.0 2.0 6.0 
0.0 7.0 2.0 0.6052631578947368 0.7894736842105263 0.14035087719298245 47.0 305.0 0.0 15.0 9.0 21.0 
2.0 3.0 3.0 0.6143790849673203 0.8431372549019608 0.125 48.0 297.0 0.0 13.0 9.0 21.0 
0.0 4.0 2.0 0.42857142857142855 0.4166666666666667 0.16666666666666666 14.0 111.0 0.0 3.0 2.0 8.0 
2.0 3.0 3.0 0.26666666666666666 0.6666666666666666 0.3333333333333333 14.0 92.0 0.0 2.0 4.0 8.0 
3.0 3.0 2.0 0.6476190476190476 0.5641025641025641 0.07142857142857142 30.0 186.0 0.0 1.0 3.0 17.0 
1.0 4.0 2.0 0.32142857142857145 1.0219780219780221 0.14285714285714285 18.0 128.0 0.0 3.0 13.0 8.0 
1.0 4.0 2.0 0.3 0.5 0.0 25.0 131.0 0.0 3.0 3.0 6.0 
1.0 3.0 2.0 0.3333333333333333 0.0 0.0 14.0 90.0 0.0 1.0 1.0 5.0 
0.0 3.0 2.0 0.3333333333333333 0.3333333333333333 0.0 11.0 65.0 0.0 2.0 2.0 6.0 
2.0 2.0 2.0 0.5 0.16666666666666666 0.0 12.0 63.0 0.0 0.0 2.0 6.0 
0.0 2.0 2.0 0.5 0.0 0.3333333333333333 9.0 52.0 0.0 0.0 1.0 5.0 
0.0 2.0 2.0 0.3333333333333333 0.3333333333333333 0.0 11.0 61.0 0.0 2.0 2.0 6.0 
0.0 2.0 2.0 0.3333333333333333 0.0 0.0 9.0 50.0 0.0 1.0 1.0 4.0 
0.0 3.0 2.0 0.3333333333333333 0.3333333333333333 0.0 8.0 55.0 0.0 2.0 2.0 5.0 
0.0 3.0 2.0 0.3333333333333333 0.3333333333333333 0.0 13.0 64.0 0.0 2.0 2.0 6.0 
0.0 3.0 2.0 0.3333333333333333 0.3333333333333333 0.0 9.0 56.0 0.0 2.0 2.0 5.0 
0.0 4.0 2.0 0.3 0.5 0.0 16.0 83.0 0.0 3.0 3.0 7.0 
0.0 2.0 2.0 0.3333333333333333 0.0 0.0 10.0 56.0 0.0 1.0 1.0 4.0 
0.0 3.0 2.0 0.3333333333333333 0.3333333333333333 0.0 10.0 66.0 0.0 2.0 2.0 5.0 
1.0 4.0 2.0 0.3 0.5 0.0 16.0 85.0 0.0 3.0 3.0 6.0 
0.0 3.0 2.0 0.3333333333333333 0.3333333333333333 0.0 9.0 59.0 0.0 2.0 2.0 5.0 
0.0 4.0 2.0 0.3 0.5 0.0 14.0 79.0 0.0 3.0 3.0 7.0 
0.0 3.0 2.0 0.3333333333333333 0.3333333333333333 0.0 10.0 67.0 0.0 2.0 2.0 5.0 
0.0 3.0 2.0 0.3333333333333333 0.3333333333333333 0.0 15.0 79.0 0.0 2.0 2.0 5.0 
0.0 2.0 2.0 0.3333333333333333 0.0 0.0 9.0 50.0 0.0 1.0 1.0 4.0 
0.0 3.0 2.0 0.3333333333333333 0.3333333333333333 0.0 13.0 64.0 0.0 2.0 2.0 6.0 
1.0 2.0 2.0 0.3 0.5 0.0 24.0 113.0 0.0 3.0 3.0 6.0 
1.0 4.0 2.0 0.4 0.375 0.0 17.0 99.0 0.0 1.0 2.0 7.0 
0.0 2.0 2.0 0.3333333333333333 0.3333333333333333 0.0 15.0 75.0 0.0 2.0 2.0 5.0 
0.0 2.0 2.0 0.3333333333333333 0.3333333333333333 0.0 15.0 75.0 0.0 2.0 2.0 5.0 
0.0 1.0 2.0 0.3333333333333333 0.0 0.0 7.0 40.0 0.0 1.0 1.0 4.0 
0.0 3.0 2.0 0.3333333333333333 0.3333333333333333 0.0 22.0 106.0 0.0 2.0 2.0 7.0 
0.0 3.0 2.0 0.3 0.5 0.0 18.0 113.0 0.0 3.0 3.0 9.0 
0.0 4.0 2.0 0.3333333333333333 0.3333333333333333 0.0 13.0 83.0 0.0 2.0 2.0 8.0 
0.0 3.0 2.0 0.3333333333333333 0.3333333333333333 0.0 13.0 69.0 0.0 2.0 2.0 6.0 
0.0 5.0 2.0 0.19047619047619047 0.6 0.16666666666666666 20.0 114.0 0.0 4.0 4.0 9.0 
0.0 2.0 2.0 0.3333333333333333 0.3333333333333333 0.0 9.0 54.0 0.0 2.0 2.0 5.0 
0.0 3.0 2.0 0.3333333333333333 0.3333333333333333 0.0 8.0 56.0 0.0 2.0 2.0 5.0 
0.0 3.0 2.0 0.2 0.3333333333333333 0.25 15.0 85.0 0.0 1.0 2.0 6.0 
1.0 2.0 2.0 0.3 0.11111111111111116 0.0 22.0 113.0 0.0 0.0 3.0 6.0 
0.0 2.0 2.0 0.3333333333333333 0.3333333333333333 0.0 10.0 59.0 0.0 2.0 2.0 5.0 
1.0 2.0 2.0 0.6666666666666666 0.0 0.0 19.0 101.0 0.0 0.0 1.0 9.0 
1.0 5.0 2.0 0.23809523809523808 0.6666666666666666 0.0 34.0 228.0 0.0 5.0 5.0 8.0 
0.0 1.0 2.0 0.3333333333333333 0.0 0.0 7.0 37.0 0.0 1.0 1.0 4.0 
0.0 2.0 2.0 0.3333333333333333 0.3333333333333333 0.0 13.0 71.0 0.0 2.0 2.0 5.0 
0.0 3.0 2.0 0.3 0.5 0.0 11.0 67.0 0.0 3.0 3.0 6.0 
1.0 4.0 2.0 0.3 0.5 0.0 20.0 112.0 0.0 3.0 3.0 6.0 
1.0 4.0 2.0 0.26666666666666666 0.6 0.0 22.0 126.0 0.0 4.0 4.0 8.0 
0.0 5.0 2.0 0.2 0.5 0.0 25.0 144.0 0.0 3.0 3.0 7.0 
0.0 1.0 2.0 0.3333333333333333 0.0 0.0 7.0 37.0 0.0 1.0 1.0 4.0 
0.0 3.0 2.0 0.3333333333333333 0.3333333333333333 0.0 8.0 56.0 0.0 1.0 2.0 5.0 
0.0 2.0 2.0 0.3333333333333333 0.0 0.0 10.0 63.0 0.0 0.0 1.0 4.0 
0.0 3.0 2.0 0.0 0.6666666666666666 0.0 7.0 43.0 0.0 1.0 3.0 4.0 
0.0 4.0 2.0 0.2 0.3333333333333333 0.0 11.0 69.0 0.0 2.0 2.0 5.0 
1.0 4.0 2.0 0.3 0.5 0.0 15.0 86.0 0.0 3.0 3.0 5.0 
0.0 4.0 2.0 0.2 0.3333333333333333 0.0 10.0 62.0 0.0 2.0 2.0 5.0 
1.0 8.0 2.0 0.17857142857142858 0.6666666666666666 0.0 19.0 133.0 0.0 5.0 5.0 10.0 
1.0 8.0 2.0 0.17857142857142858 0.6944444444444443 0.0 20.0 140.0 0.0 5.0 6.0 10.0 
0.0 4.0 2.0 0.2 0.5 0.0 13.0 86.0 0.0 3.0 3.0 7.0 
0.0 4.0 2.0 0.2 0.3333333333333333 0.0 11.0 71.0 0.0 2.0 2.0 5.0 
0.0 5.0 2.0 0.19047619047619047 0.6 0.0 11.0 81.0 0.0 4.0 4.0 7.0 
0.0 4.0 2.0 0.2 0.3333333333333333 0.0 11.0 68.0 0.0 2.0 2.0 5.0 
1.0 4.0 2.0 0.3 0.0 0.0 14.0 82.0 0.0 0.0 1.0 5.0 
1.0 6.0 2.0 0.19047619047619047 0.64 0.0 20.0 127.0 0.0 4.0 5.0 8.0 
0.0 4.0 2.0 0.2 0.3333333333333333 0.0 11.0 68.0 0.0 2.0 2.0 5.0 
0.0 1.0 2.0 0.3333333333333333 0.0 0.0 7.0 47.0 0.0 1.0 1.0 4.0 
0.0 5.0 2.0 0.19047619047619047 0.6 0.0 13.0 87.0 0.0 4.0 4.0 7.0 
0.0 2.0 2.0 0.6666666666666666 0.3333333333333333 0.0 5.0 43.0 0.0 2.0 2.0 5.0 
0.0 3.0 2.0 0.3333333333333333 0.3333333333333333 0.0 9.0 61.0 0.0 1.0 2.0 5.0 
0.0 6.0 2.0 0.19444444444444445 0.75 0.0 17.0 129.0 0.0 5.0 7.0 10.0 
0.0 3.0 2.0 0.3333333333333333 0.3333333333333333 0.0 8.0 55.0 0.0 2.0 2.0 5.0 
0.0 2.0 2.0 0.0 0.5 0.0 10.0 69.0 0.0 2.0 2.0 5.0 
0.0 3.0 2.0 0.3333333333333333 0.3333333333333333 0.0 8.0 55.0 0.0 0.0 2.0 5.0 
0.0 2.0 2.0 0.3 0.5 0.0 11.0 78.0 0.0 2.0 3.0 6.0 
0.0 3.0 2.0 0.3333333333333333 0.3333333333333333 0.0 12.0 78.0 0.0 0.0 2.0 6.0 
0.0 3.0 2.0 0.3333333333333333 0.3333333333333333 0.0 8.0 58.0 0.0 0.0 2.0 5.0 
0.0 2.0 2.0 0.015151515151515152 0.89 0.0 20.0 140.0 0.0 9.0 10.0 12.0 
0.0 3.0 2.0 0.3333333333333333 0.3333333333333333 0.0 11.0 68.0 0.0 1.0 2.0 5.0 
1.0 4.0 2.0 0.21428571428571427 0.7142857142857143 0.0 18.0 122.0 0.0 5.0 6.0 9.0 
0.0 3.0 2.0 0.3333333333333333 0.3333333333333333 0.0 8.0 57.0 0.0 1.0 2.0 5.0 
0.0 2.0 2.0 0.015151515151515152 0.89 0.0 20.0 140.0 0.0 9.0 10.0 12.0 
0.0 4.0 2.0 0.3 0.5 0.0 12.0 81.0 0.0 3.0 3.0 7.0 
0.0 3.0 2.0 0.3333333333333333 0.4444444444444445 0.0 11.0 76.0 0.0 2.0 3.0 5.0 
0.0 4.0 2.0 0.3333333333333333 0.3333333333333333 0.0 10.0 71.0 0.0 1.0 2.0 7.0 
0.0 3.0 2.0 0.4 0.375 0.0 10.0 60.0 0.0 2.0 2.0 6.0 
0.0 6.0 2.0 0.26666666666666666 0.6 0.0 22.0 103.0 0.0 3.0 4.0 8.0 
1.0 4.0 2.0 0.5 0.0 0.0 8.0 47.0 0.0 0.0 1.0 5.0 
0.0 3.0 2.0 0.3333333333333333 0.3333333333333333 0.0 9.0 63.0 0.0 0.0 2.0 5.0 
0.0 2.0 2.0 0.3 0.5 0.0 13.0 85.0 0.0 3.0 3.0 6.0 
0.0 5.0 2.0 0.6 0.8333333333333333 0.0 11.0 78.0 0.0 0.0 3.0 6.0 
1.0 4.0 2.0 0.5 0.0 0.0 8.0 47.0 0.0 0.0 1.0 5.0 
0.0 6.0 2.0 0.17857142857142858 0.5333333333333333 0.0 17.0 117.0 0.0 1.0 3.0 9.0 
0.0 4.0 3.0 0.5 0.5 0.0 6.0 56.0 0.0 1.0 3.0 5.0 
0.0 4.0 2.0 0.2857142857142857 0.625 0.0 23.0 142.0 0.0 3.0 4.0 11.0 
0.0 2.0 2.0 0.3333333333333333 0.25 0.0 10.0 61.0 0.0 0.0 2.0 4.0 
1.0 3.0 2.0 0.2 0.0 0.2 17.0 107.0 0.0 0.0 1.0 9.0 
1.0 3.0 2.0 0.3 0.0 0.2 14.0 94.0 0.0 0.0 1.0 9.0 
2.0 2.0 2.0 0.3333333333333333 0.0 0.5 12.0 73.0 0.0 0.0 1.0 3.0 
0.0 3.0 2.0 0.3333333333333333 0.3333333333333333 0.0 11.0 72.0 0.0 2.0 2.0 5.0 
0.0 2.0 2.0 0.3333333333333333 0.3333333333333333 0.0 8.0 55.0 0.0 2.0 2.0 5.0 
1.0 9.0 2.0 0.15151515151515152 0.8181818181818182 0.0 30.0 168.0 0.0 9.0 10.0 13.0 
1.0 6.0 2.0 0.21428571428571427 0.7142857142857143 0.0 23.0 127.0 0.0 5.0 6.0 9.0 
0.0 3.0 2.0 0.3333333333333333 0.3333333333333333 0.0 10.0 59.0 0.0 1.0 2.0 5.0 
0.0 2.0 2.0 0.0 0.0 0.0 6.0 35.0 0.0 0.0 1.0 3.0 
0.0 1.0 2.0 0.26666666666666666 0.6 0.0 14.0 88.0 0.0 1.0 4.0 8.0 
0.0 2.0 2.0 0.42857142857142855 0.6 0.0 16.0 100.0 0.0 1.0 3.0 7.0 
10.0 5.0 2.0 0.23809523809523808 0.6944444444444443 0.0 16.0 112.0 0.0 3.0 6.0 8.0 
0.0 3.0 2.0 0.3333333333333333 0.3333333333333333 0.0 8.0 53.0 0.0 2.0 2.0 5.0 
1.0 6.0 2.0 0.15151515151515152 0.75 0.14285714285714285 41.0 219.0 0.0 2.0 4.0 14.0 
0.0 4.0 2.0 0.6666666666666666 0.0 0.0 14.0 74.0 0.0 0.0 1.0 9.0 
0.0 7.0 2.0 0.3 0.0 0.0 19.0 95.0 0.0 1.0 1.0 9.0 
0.0 3.0 2.0 0.3333333333333333 0.3333333333333333 0.0 14.0 83.0 0.0 2.0 2.0 6.0 
0.0 3.0 2.0 0.4 0.375 0.0 10.0 64.0 0.0 2.0 2.0 6.0 
0.0 2.0 2.0 0.3333333333333333 0.3333333333333333 0.0 13.0 66.0 0.0 2.0 2.0 6.0 
0.0 2.0 2.0 0.0 0.5 0.0 11.0 69.0 0.0 2.0 2.0 5.0 
0.0 5.0 2.0 0.32142857142857145 0.4166666666666667 0.0 14.0 95.0 0.0 0.0 2.0 9.0 
0.0 3.0 2.0 0.2 0.5 0.0 11.0 75.0 0.0 3.0 3.0 6.0 
1.0 4.0 2.0 0.10606060606060606 0.25 0.3 62.0 314.0 0.0 0.0 2.0 14.0 
0.0 1.0 2.0 0.1 0.0 0.0 11.0 87.0 0.0 1.0 1.0 4.0 
1.0 5.0 2.0 0.2857142857142857 0.0 0.25 17.0 88.0 0.0 1.0 1.0 7.0 
1.0 2.0 2.0 0.3333333333333333 0.3333333333333333 0.0 12.0 64.0 0.0 0.0 2.0 4.0 
1.0 9.0 2.0 0.009523809523809525 0.9166666666666666 0.0 23.0 135.0 0.0 11.0 12.0 14.0 
0.0 1.0 2.0 0.3333333333333333 0.0 0.0 10.0 57.0 0.0 1.0 1.0 4.0 
0.0 2.0 2.0 0.3333333333333333 0.3333333333333333 0.0 9.0 59.0 0.0 2.0 2.0 5.0 
0.0 2.0 2.0 0.3333333333333333 0.0 0.0 7.0 59.0 0.0 1.0 1.0 4.0 
0.0 3.0 2.0 0.1 0.0 0.0 12.0 74.0 0.0 0.0 1.0 5.0 
0.0 5.0 2.0 0.2 0.0 0.0 13.0 78.0 0.0 1.0 1.0 6.0 
1.0 2.0 2.0 0.3333333333333333 0.3333333333333333 0.0 16.0 80.0 0.0 2.0 2.0 5.0 
0.0 2.0 2.0 0.16666666666666666 0.5 0.0 16.0 87.0 0.0 0.0 2.0 5.0 
0.0 3.0 2.0 0.4 0.375 0.0 10.0 64.0 0.0 2.0 2.0 6.0 
1.0 9.0 2.0 0.009523809523809525 0.9166666666666666 0.0 23.0 133.0 0.0 11.0 12.0 14.0 
0.0 1.0 2.0 0.3333333333333333 0.0 0.0 6.0 33.0 0.0 1.0 1.0 3.0 
7.0 5.0 2.0 0.3956043956043956 0.75 0.0 18.0 98.0 0.0 0.0 4.0 13.0 
0.0 3.0 2.0 0.2 0.3333333333333333 0.0 16.0 103.0 0.0 2.0 2.0 7.0 
0.0 2.0 2.0 0.2 0.5833333333333334 0.0 24.0 139.0 0.0 2.0 3.0 5.0 
0.0 4.0 2.0 0.09523809523809523 0.5 0.25 18.0 109.0 0.0 0.0 2.0 8.0 
2.0 3.0 2.0 0.42857142857142855 0.4166666666666667 0.0 29.0 143.0 0.0 2.0 2.0 10.0 
1.0 2.0 2.0 0.47619047619047616 0.0 0.2 12.0 69.0 0.0 0.0 1.0 7.0 
0.0 0.0 2.0 0.16666666666666666 0.0 0.0 7.0 39.0 0.0 0.0 1.0 4.0 
1.0 3.0 2.0 0.23809523809523808 0.3 0.2 15.0 103.0 0.0 2.0 2.0 8.0 
0.0 1.0 5.0 0.0 0.0 0.0 1.0 14.0 0.0 0.0 0.0 1.0 
1.0 4.0 2.0 0.2 0.5 0.0 25.0 142.0 0.0 3.0 3.0 7.0 
1.0 2.0 2.0 0.2 0.3333333333333333 0.0 14.0 78.0 0.0 2.0 2.0 5.0 
1.0 4.0 2.0 0.09090909090909091 0.7678571428571428 0.1 37.0 198.0 0.0 3.0 7.0 13.0 
0.0 6.0 2.0 0.19047619047619047 0.6 0.0 16.0 100.0 0.0 4.0 4.0 7.0 
0.0 5.0 2.0 0.0 0.5 0.0 12.0 66.0 0.0 0.0 2.0 4.0 
0.0 3.0 2.0 0.2 0.3333333333333333 0.0 9.0 64.0 0.0 1.0 2.0 5.0 
1.0 5.0 2.0 0.25 0.4 0.16666666666666666 23.0 126.0 0.0 2.0 3.0 8.0 
1.0 5.0 2.0 0.2 0.5 0.0 21.0 120.0 0.0 3.0 3.0 9.0 
1.0 5.0 2.0 0.16666666666666666 0.3 0.13333333333333333 27.0 146.0 0.0 0.0 2.0 13.0 
1.0 5.0 2.0 0.26666666666666666 0.6 0.0 28.0 146.0 0.0 4.0 4.0 12.0 
6.0 5.0 2.0 0.358974358974359 0.75 0.0 17.0 96.0 0.0 0.0 4.0 12.0 
1.0 2.0 2.0 0.2 0.3333333333333333 0.25 17.0 86.0 0.0 0.0 2.0 6.0 
0.0 2.0 2.0 0.2 0.0 0.0 19.0 104.0 0.0 1.0 1.0 6.0 
0.0 5.0 2.0 0.23809523809523808 0.25 0.0 23.0 132.0 0.0 1.0 2.0 7.0 
0.0 3.0 2.0 0.3333333333333333 0.3333333333333333 0.0 10.0 67.0 0.0 2.0 2.0 6.0 
0.0 5.0 2.0 0.26666666666666666 0.5 0.0 21.0 120.0 0.0 2.0 3.0 10.0 
1.0 7.0 2.0 0.17857142857142858 0.5333333333333333 0.0 25.0 157.0 0.0 0.0 3.0 11.0 
0.0 4.0 2.0 0.3 0.5 0.0 10.0 67.0 0.0 3.0 3.0 6.0 
1.0 4.0 2.0 0.5 0.0 0.0 11.0 62.0 0.0 0.0 1.0 5.0 
1.0 2.0 2.0 0.3333333333333333 0.3333333333333333 0.0 12.0 65.0 0.0 0.0 2.0 5.0 
0.0 4.0 2.0 0.03571428571428571 0.0 0.0 13.0 81.0 0.0 0.0 1.0 5.0 
0.0 9.0 2.0 0.13636363636363635 0.8 0.0 25.0 138.0 0.0 9.0 9.0 11.0 
0.0 2.0 2.0 0.0 0.0 0.0 10.0 68.0 0.0 0.0 1.0 5.0 
0.0 2.0 2.0 0.3333333333333333 0.0 0.0 8.0 45.0 0.0 1.0 1.0 4.0 
1.0 5.0 2.0 0.22727272727272727 0.3 0.1 37.0 234.0 0.0 0.0 2.0 14.0 
0.0 6.0 2.0 0.2 0.5 0.0 16.0 93.0 0.0 3.0 3.0 8.0 
3.0 5.0 2.0 0.38461538461538464 0.7818181818181817 0.0 18.0 105.0 0.0 0.0 5.0 12.0 
0.0 5.0 2.0 0.08333333333333333 0.5 0.14285714285714285 21.0 164.0 0.0 2.0 3.0 11.0 
0.0 3.0 2.0 0.3333333333333333 0.0 0.0 9.0 49.0 0.0 0.0 1.0 5.0 
0.0 3.0 2.0 0.3 0.5 0.0 9.0 66.0 0.0 3.0 3.0 6.0 
0.0 3.0 2.0 0.3333333333333333 0.3333333333333333 0.0 11.0 70.0 0.0 0.0 2.0 6.0 
0.0 1.0 2.0 0.6 0.8 0.0 14.0 72.0 0.0 1.0 5.0 6.0 
0.0 2.0 2.0 0.6 0.0 0.0 13.0 65.0 0.0 0.0 1.0 6.0 
0.0 3.0 2.0 0.3333333333333333 0.3333333333333333 0.0 18.0 100.0 0.0 2.0 2.0 7.0 
0.0 5.0 2.0 0.26666666666666666 0.6 0.0 13.0 91.0 0.0 4.0 4.0 8.0 
0.0 2.0 2.0 0.3 0.5 0.0 17.0 95.0 0.0 3.0 3.0 8.0 
1.0 4.0 2.0 0.21428571428571427 0.7142857142857143 0.0 25.0 132.0 0.0 6.0 6.0 9.0 
3.0 4.0 2.0 0.6666666666666666 0.41666666666666663 0.0 17.0 127.0 0.0 2.0 3.0 7.0 
0.0 4.0 2.0 0.4 0.0 0.0 12.0 63.0 0.0 0.0 1.0 7.0 
7.0 4.0 2.0 0.23809523809523808 0.6944444444444443 0.0 21.0 142.0 0.0 5.0 6.0 10.0 
0.0 3.0 2.0 1.0 0.0 0.0 5.0 35.0 0.0 0.0 1.0 5.0 
1.0 3.0 2.0 0.5 0.5 0.0 10.0 66.0 0.0 3.0 3.0 6.0 
0.0 3.0 2.0 1.0 0.0 0.0 4.0 31.0 0.0 0.0 1.0 4.0 
0.0 4.0 2.0 0.1388888888888889 0.6666666666666666 0.0 25.0 115.0 0.0 5.0 5.0 8.0 
0.0 4.0 2.0 0.2 0.3333333333333333 0.0 13.0 67.0 0.0 2.0 2.0 5.0 
0.0 3.0 2.0 0.6666666666666666 0.3333333333333333 0.0 5.0 44.0 0.0 2.0 2.0 5.0 
0.0 3.0 2.0 0.3333333333333333 0.3333333333333333 0.0 10.0 75.0 0.0 1.0 2.0 6.0 
0.0 2.0 2.0 0.16666666666666666 0.0 0.0 9.0 42.0 0.0 1.0 1.0 3.0 
0.0 1.0 1.0 0.0 0.0 0.0 2.0 170.0 0.0 0.0 0.0 0.0 
0.0 2.0 2.0 0.25 0.7333333333333333 0.19047619047619047 20.0 156.0 0.0 0.0 9.0 9.0 
0.0 1.0 2.0 0.0 0.0 0.0 1.0 11.0 0.0 0.0 0.0 1.0 
0.0 1.0 2.0 0.5 0.0 0.75 8.0 60.0 0.0 0.0 1.0 5.0 
0.0 1.0 2.0 0.1 0.0 0.6 20.0 141.0 0.0 0.0 3.0 6.0 
0.0 1.0 2.0 0.0 0.0 0.0 1.0 11.0 0.0 0.0 0.0 1.0 
0.0 0.0 4.0 0.0 0.0 0.0 2.0 17.0 0.0 1.0 1.0 2.0 
0.0 1.0 3.0 1.0 0.0 0.3333333333333333 6.0 44.0 0.0 1.0 1.0 4.0 
0.0 1.0 3.0 1.0 0.0 0.3333333333333333 6.0 44.0 0.0 1.0 1.0 4.0 
0.0 1.0 3.0 1.0 0.0 0.3333333333333333 6.0 44.0 0.0 1.0 1.0 4.0 
0.0 3.0 3.0 0.36363636363636365 0.6041666666666666 0.15151515151515152 31.0 198.0 0.0 0.0 8.0 14.0 
0.0 1.0 2.0 1.0 0.0 0.5 4.0 31.0 0.0 1.0 1.0 4.0 
0.0 1.0 2.0 1.0 0.0 0.5 4.0 33.0 0.0 1.0 1.0 4.0 
0.0 3.0 3.0 0.26666666666666666 0.4000000000000001 0.4166666666666667 27.0 159.0 0.0 0.0 5.0 9.0 
0.0 1.0 2.0 1.0 0.0 0.5 4.0 33.0 0.0 1.0 1.0 4.0 
1.0 1.0 2.0 0.0 0.0 0.6 23.0 160.0 0.0 0.0 1.0 6.0 
1.0 1.0 2.0 0.0 0.0 0.6 27.0 179.0 0.0 0.0 1.0 6.0 
1.0 1.0 2.0 0.0 0.0 0.6 22.0 146.0 0.0 0.0 0.0 6.0 
4.0 3.0 2.0 0.06666666666666667 0.0 0.36666666666666664 22.0 175.0 0.0 0.0 1.0 8.0 
0.0 1.0 3.0 0.0 0.0 0.0 2.0 18.0 0.0 1.0 1.0 2.0 
0.0 1.0 2.0 0.0 0.0 0.0 1.0 9.0 0.0 0.0 0.0 1.0 
2.0 1.0 2.0 0.0 0.0 0.0 4.0 23.0 0.0 0.0 1.0 2.0 
2.0 1.0 2.0 0.0 0.0 0.0 4.0 23.0 0.0 0.0 1.0 2.0 
0.0 0.0 3.0 0.0 0.8333333333333334 0.0 7.0 54.0 0.0 2.0 6.0 7.0 
0.0 1.0 3.0 0.0 0.0 0.0 2.0 18.0 0.0 1.0 1.0 2.0 
0.0 0.0 2.0 0.0 0.0 0.0 2.0 19.0 0.0 1.0 1.0 2.0 
0.0 1.0 3.0 0.0 0.0 0.0 2.0 18.0 0.0 1.0 1.0 2.0 
0.0 1.0 3.0 1.0 0.0 0.3333333333333333 5.0 32.0 0.0 1.0 1.0 4.0 
0.0 1.0 2.0 0.0 0.0 0.0 2.0 17.0 0.0 0.0 1.0 2.0 
0.0 0.0 2.0 0.0 0.5 0.0 5.0 36.0 0.0 2.0 2.0 3.0 
0.0 1.0 2.0 0.0 0.0 0.0 2.0 17.0 0.0 0.0 1.0 2.0 
0.0 0.0 2.0 0.0 0.6666666666666666 0.0 4.0 26.0 0.0 2.0 3.0 4.0 
0.0 0.0 2.0 0.0 0.6666666666666666 0.0 7.0 41.0 0.0 3.0 3.0 5.0 
0.0 0.0 2.0 0.0 0.0 0.0 9.0 72.0 0.0 0.0 0.0 1.0 
0.0 1.0 3.0 0.0 0.0 0.0 2.0 18.0 0.0 1.0 1.0 2.0 
0.0 1.0 3.0 0.0 0.0 0.0 2.0 18.0 0.0 1.0 1.0 2.0 
0.0 1.0 2.0 0.0 0.0 0.0 2.0 19.0 0.0 0.0 1.0 2.0 
0.0 1.0 3.0 0.3333333333333333 0.0 0.3333333333333333 6.0 36.0 0.0 1.0 1.0 4.0 
0.0 0.0 3.0 0.0 0.5 0.0 3.0 24.0 0.0 2.0 2.0 3.0 
0.0 0.0 2.0 0.0 0.5 0.0 3.0 25.0 0.0 2.0 2.0 3.0 
0.0 2.0 3.0 0.0 0.0 0.0 2.0 18.0 0.0 1.0 1.0 2.0 
0.0 1.0 3.0 1.0 0.0 0.3333333333333333 5.0 32.0 0.0 1.0 1.0 4.0 
0.0 1.0 2.0 0.0 0.0 0.0 2.0 19.0 0.0 0.0 1.0 2.0 
0.0 1.0 2.0 1.0 0.0 0.3333333333333333 8.0 43.0 0.0 0.0 1.0 4.0 
0.0 1.0 2.0 1.0 0.0 0.3333333333333333 7.0 38.0 0.0 0.0 1.0 4.0 
0.0 1.0 3.0 1.0 0.0 0.3333333333333333 5.0 32.0 0.0 1.0 1.0 4.0 
0.0 1.0 2.0 0.0 0.0 0.0 2.0 17.0 0.0 0.0 1.0 2.0 
0.0 0.0 3.0 0.0 0.0 0.0 6.0 35.0 0.0 0.0 0.0 1.0 
0.0 1.0 2.0 0.0 0.0 0.0 2.0 19.0 0.0 0.0 1.0 2.0 
0.0 3.0 3.0 0.16666666666666666 0.6 0.3333333333333333 9.0 60.0 0.0 0.0 5.0 5.0 
0.0 0.0 3.0 0.2 0.5 0.16666666666666666 15.0 103.0 0.0 0.0 3.0 10.0 
4.0 5.0 1.0 0.1 0.4545454545454546 0.32 27.0 199.0 0.0 0.0 11.0 7.0 
36.0 7.0 2.0 0.42424242424242425 0.761904761904762 0.10606060606060606 107.0 588.0 0.0 0.0 7.0 13.0 
10.0 6.0 3.0 0.16666666666666666 0.0 0.25 10.0 87.0 0.0 0.0 1.0 5.0 
0.0 2.0 1.0 0.1 0.85 0.0 8.0 41.0 0.0 4.0 4.0 6.0 
2.0 6.0 2.0 0.1388888888888889 0.75 0.12962962962962962 22.0 127.0 0.0 0.0 4.0 10.0 
5.0 9.0 2.0 0.2222222222222222 0.7551020408163265 0.1 25.0 161.0 0.0 0.0 7.0 11.0 
3.0 8.0 1.0 0.3202614379084967 0.83203125 0.15126050420168066 85.0 404.0 0.0 2.0 16.0 18.0 
0.0 0.0 1.0 0.3 0.6666666666666667 0.4 9.0 55.0 0.0 2.0 3.0 6.0 
0.0 1.0 4.0 0.0 0.0 0.0 2.0 17.0 0.0 0.0 1.0 2.0 
0.0 0.0 4.0 0.0 0.0 0.0 3.0 20.0 0.0 0.0 1.0 3.0 
0.0 0.0 4.0 0.0 0.0 0.0 2.0 16.0 0.0 1.0 1.0 2.0 
1.0 1.0 1.0 1.0 0.0 0.4 12.0 72.0 0.0 0.0 1.0 6.0 
0.0 0.0 1.0 0.0 0.0 0.0 0.0 13.0 0.0 0.0 0.0 0.0 
0.0 1.0 2.0 0.0 0.0 0.0 2.0 15.0 0.0 0.0 0.0 2.0 
10.0 6.0 3.0 0.06666666666666667 0.0 0.19444444444444445 24.0 165.0 0.0 0.0 1.0 7.0 
0.0 1.0 2.0 0.3333333333333333 0.5 0.3333333333333333 5.0 32.0 0.0 0.0 2.0 4.0 
4.0 10.0 2.0 0.12121212121212122 0.869047619047619 0.09523809523809523 42.0 227.0 0.0 0.0 12.0 13.0 
1.0 2.0 1.0 0.6388888888888888 0.5238095238095238 0.1875 11.0 77.0 0.0 0.0 3.0 9.0 
0.0 1.0 1.0 0.5 0.5 0.0 10.0 40.0 0.0 1.0 2.0 5.0 
0.0 3.0 3.0 0.0 0.5 0.5 9.0 65.0 0.0 1.0 3.0 3.0 
32.0 9.0 2.0 0.1895424836601307 0.7738095238095237 0.09027777777777778 90.0 531.0 0.0 0.0 7.0 19.0 
0.0 0.0 3.0 0.0 0.0 0.0 2.0 16.0 0.0 0.0 0.0 2.0 
2.0 9.0 2.0 0.2 0.7708333333333334 0.11666666666666667 36.0 174.0 0.0 0.0 8.0 11.0 
0.0 5.0 3.0 0.3333333333333333 0.6 0.3333333333333333 16.0 92.0 0.0 2.0 5.0 5.0 
1.0 10.0 2.0 0.21428571428571427 0.825 0.125 34.0 170.0 0.0 0.0 8.0 9.0 
1.0 2.0 2.0 0.0 0.0 1.0 3.0 19.0 0.0 0.0 1.0 2.0 
0.0 3.0 3.0 0.0 0.5 0.5 10.0 67.0 0.0 1.0 4.0 3.0 
0.0 1.0 2.0 0.5 0.5 0.375 5.0 34.0 0.0 0.0 2.0 5.0 
0.0 1.0 2.0 0.0 0.0 0.0 2.0 15.0 0.0 0.0 0.0 2.0 
0.0 0.0 2.0 1.0 0.0 0.75 6.0 32.0 0.0 0.0 0.0 6.0 
0.0 0.0 4.0 0.3333333333333333 0.0 0.75 8.0 41.0 0.0 0.0 0.0 8.0 
0.0 0.0 2.0 0.0 0.0 1.0 4.0 23.0 0.0 0.0 0.0 4.0 
0.0 0.0 4.0 0.4 0.6799999999999999 0.0 10.0 61.0 0.0 4.0 5.0 7.0 
0.0 0.0 3.0 1.0 0.0 0.75 6.0 32.0 0.0 0.0 0.0 6.0 
0.0 1.0 3.0 0.0 0.5 0.0 4.0 26.0 0.0 1.0 2.0 4.0 
0.0 0.0 2.0 0.0 0.0 0.0 1.0 8.0 0.0 0.0 0.0 1.0 
0.0 0.0 1.0 1.0 0.0 1.0 13.0 87.0 0.0 0.0 1.0 13.0 
0.0 0.0 1.0 1.0 0.0 1.0 13.0 87.0 0.0 0.0 1.0 13.0 
0.0 0.0 3.0 0.16666666666666666 0.5 0.375 12.0 77.0 0.0 0.0 2.0 5.0 
0.0 0.0 3.0 0.37777777777777777 0.6666666666666666 0.13333333333333333 24.0 137.0 0.0 0.0 6.0 11.0 
0.0 0.0 2.0 1.0 0.0 0.5 4.0 31.0 0.0 1.0 1.0 4.0 
15.0 3.0 2.0 0.0 0.8333333333333334 0.09090909090909091 18.0 150.0 0.0 6.0 6.0 16.0 
0.0 0.0 5.0 0.0 0.0 0.0 2.0 16.0 0.0 1.0 1.0 2.0 
6.0 6.0 3.0 0.4 0.8333333333333333 0.040625 141.0 762.0 0.0 2.0 6.0 41.0 
0.0 0.0 5.0 0.0 0.0 0.0 2.0 16.0 0.0 1.0 1.0 2.0 
0.0 1.0 2.0 0.047619047619047616 0.0 0.14285714285714285 41.0 281.0 0.0 1.0 1.0 9.0 
1.0 3.0 2.0 0.26666666666666666 0.75 0.08 41.0 244.0 0.0 1.0 4.0 17.0 
4.0 1.0 3.0 0.42153846153846153 0.8 0.05333333333333334 87.0 513.0 0.0 2.0 6.0 26.0 
0.0 0.0 1.0 0.0 0.0 1.0 18.0 78.0 0.0 0.0 4.0 3.0 
0.0 0.0 3.0 0.3 0.5 0.2 18.0 104.0 0.0 1.0 2.0 7.0 
0.0 1.0 3.0 1.0 0.0 0.25 5.0 36.0 0.0 0.0 1.0 5.0 
6.0 3.0 3.0 0.13186813186813187 0.7666666666666667 0.23469387755102042 48.0 308.0 0.0 0.0 6.0 16.0 
0.0 1.0 2.0 0.3333333333333333 0.5 0.4444444444444444 11.0 77.0 0.0 0.0 2.0 4.0 
0.0 1.0 2.0 0.5 0.30000000000000004 0.4166666666666667 9.0 71.0 0.0 0.0 5.0 5.0 
2.0 1.0 3.0 0.0 0.0 1.0 5.0 57.0 0.0 0.0 5.0 2.0 
2.0 1.0 2.0 0.7142857142857143 0.75 0.16666666666666666 17.0 122.0 0.0 0.0 4.0 8.0 
0.0 1.0 2.0 0.0 0.0 0.0 2.0 17.0 0.0 1.0 1.0 2.0 
0.0 0.0 2.0 0.0 0.0 0.0 2.0 27.0 0.0 0.0 1.0 2.0 
0.0 3.0 3.0 0.0 0.0 0.0 14.0 94.0 0.0 0.0 0.0 11.0 
6.0 6.0 3.0 0.0 0.0 0.21428571428571427 59.0 505.0 0.0 0.0 0.0 13.0 
0.0 0.0 6.0 0.0 0.0 0.0 2.0 17.0 0.0 1.0 1.0 2.0 
0.0 0.0 5.0 0.0 0.0 0.0 3.0 24.0 0.0 1.0 1.0 3.0 
0.0 0.0 5.0 0.0 0.0 0.0 3.0 24.0 0.0 1.0 1.0 3.0 
0.0 0.0 4.0 0.0 0.0 0.0 2.0 17.0 0.0 1.0 1.0 2.0 
1.0 3.0 2.0 0.26373626373626374 0.7222222222222223 0.12307692307692308 26.0 218.0 0.0 2.0 6.0 16.0 
0.0 0.0 1.0 0.0 0.0 1.0 18.0 78.0 0.0 0.0 4.0 3.0 
0.0 0.0 3.0 0.0 0.0 0.0 1.0 9.0 0.0 0.0 0.0 1.0 
6.0 6.0 3.0 0.4 0.8333333333333333 0.040625 141.0 760.0 0.0 2.0 6.0 41.0 
0.0 0.0 3.0 1.0 0.0 0.0 4.0 25.0 0.0 0.0 1.0 4.0 
15.0 3.0 2.0 0.0 0.8333333333333334 0.09090909090909091 18.0 150.0 0.0 6.0 6.0 16.0 
17.0 1.0 2.0 0.5833333333333334 0.0 0.24444444444444444 54.0 391.0 0.0 0.0 1.0 10.0 
4.0 1.0 3.0 0.42153846153846153 0.8 0.05333333333333334 87.0 511.0 0.0 2.0 6.0 26.0 
2.0 2.0 2.0 0.4 0.3333333333333333 0.5 21.0 133.0 0.0 0.0 3.0 6.0 
2.0 1.0 2.0 1.0 0.0 0.5 12.0 71.0 0.0 0.0 1.0 3.0 
0.0 0.0 5.0 0.0 0.0 0.0 2.0 16.0 0.0 1.0 1.0 2.0 
0.0 0.0 2.0 1.0 0.0 0.5 16.0 88.0 0.0 0.0 1.0 3.0 
1.0 3.0 2.0 0.26666666666666666 0.75 0.08 41.0 244.0 0.0 1.0 4.0 17.0 
0.0 0.0 2.0 0.0 1.0 0.0 9.0 257.0 0.0 0.0 2.0 4.0 
16.0 0.0 2.0 0.0 0.0 0.0 53.0 302.0 0.0 0.0 0.0 3.0 
0.0 0.0 2.0 0.2 0.6857142857142857 0.3611111111111111 21.0 4621.0 0.0 0.0 7.0 9.0 
5.0 0.0 2.0 0.0 0.0 0.0 26.0 196.0 0.0 0.0 0.0 4.0 
0.0 0.0 2.0 0.0 1.0 0.18627450980392157 87.0 655.0 0.0 0.0 10.0 17.0 
2.0 1.0 2.0 0.0 0.0 0.2916666666666667 43.0 413.0 0.0 0.0 5.0 8.0 
0.0 0.0 2.0 0.0 0.0 0.3333333333333333 14.0 103.0 0.0 0.0 0.0 3.0 
0.0 0.0 2.0 0.0 0.0 0.32142857142857145 58.0 404.0 0.0 0.0 0.0 14.0 
0.0 0.0 2.0 0.0 0.0 0.4 18.0 183.0 0.0 0.0 0.0 5.0 
1.0 3.0 2.0 0.10714285714285714 0.0 0.21428571428571427 15.0 335.0 0.0 0.0 0.0 7.0 
5.0 0.0 2.0 0.0 0.0 0.0 19.0 115.0 0.0 0.0 0.0 2.0 
0.0 0.0 1.0 0.0 0.0 0.375 22.0 182.0 0.0 0.0 0.0 4.0 
11.0 1.0 3.0 0.005291005291005291 1.0161290322580645 0.1346153846153846 129.0 2278.0 0.0 0.0 31.0 29.0 
0.0 0.0 2.0 0.0 0.0 0.3333333333333333 20.0 219.0 0.0 0.0 0.0 3.0 
0.0 0.0 2.0 0.0 0.0 0.2857142857142857 50.0 329.0 0.0 0.0 6.0 7.0 
0.0 1.0 2.0 0.047619047619047616 0.0 0.16666666666666666 41.0 410.0 0.0 0.0 0.0 6.0 
2.0 1.0 2.0 0.23809523809523808 0.3333333333333333 0.16666666666666666 56.0 466.0 0.0 0.0 2.0 6.0 
0.0 2.0 2.0 0.0 0.0 0.16326530612244897 11.0 174.0 0.0 0.0 3.0 7.0 
11.0 0.0 2.0 0.0 0.0 0.0 22.0 240.0 0.0 0.0 1.0 2.0 
5.0 0.0 2.0 0.16666666666666666 0.8333333333333334 0.225 79.0 936.0 0.0 0.0 6.0 8.0 
0.0 0.0 2.0 0.1 0.0 0.5 14.0 114.0 0.0 0.0 0.0 4.0 
7.0 0.0 2.0 0.027777777777777776 0.0 0.325 11.0 118.0 0.0 0.0 0.0 8.0 
2.0 2.0 2.0 0.0 0.0 0.4 27.0 249.0 0.0 0.0 3.0 10.0 
5.0 0.0 2.0 0.0 0.0 0.0 7.0 112.0 0.0 0.0 0.0 4.0 
1.0 0.0 2.0 0.06666666666666667 0.0 0.6 32.0 242.0 0.0 0.0 0.0 5.0 
0.0 0.0 2.0 0.0 0.0 0.3333333333333333 13.0 120.0 0.0 0.0 0.0 3.0 
0.0 0.0 2.0 0.0 0.0 0.3333333333333333 9.0 85.0 0.0 0.0 1.0 3.0 
0.0 0.0 2.0 0.0 0.0 0.3333333333333333 5.0 72.0 0.0 0.0 0.0 3.0 
5.0 0.0 2.0 0.0 0.0 0.0 8.0 78.0 0.0 0.0 0.0 3.0 
0.0 0.0 2.0 0.06666666666666667 0.0 0.2 12.0 146.0 0.0 0.0 0.0 5.0 
1.0 0.0 2.0 0.1111111111111111 0.888888888888889 0.25 20.0 287.0 0.0 0.0 6.0 8.0 
1.0 0.0 2.0 0.0 0.0 0.25 10.0 123.0 0.0 0.0 0.0 4.0 
0.0 0.0 1.0 0.0 0.0 0.0 6.0 125.0 0.0 0.0 0.0 2.0 
0.0 0.0 2.0 0.19047619047619047 0.0 0.4166666666666667 30.0 251.0 0.0 0.0 0.0 6.0 
0.0 0.0 2.0 0.0 0.0 0.3333333333333333 7.0 70.0 0.0 0.0 1.0 3.0 
0.0 0.0 2.0 0.0 0.0 0.0 5.0 66.0 0.0 0.0 0.0 3.0 
8.0 0.0 2.0 0.1 0.0 0.0 14.0 203.0 0.0 0.0 0.0 4.0 
0.0 0.0 2.0 0.0 0.0 0.0 12.0 125.0 0.0 0.0 3.0 2.0 
0.0 0.0 2.0 0.0 0.0 0.25 9.0 84.0 0.0 0.0 0.0 4.0 
0.0 0.0 3.0 0.593358395989975 0.0 0.08 76.0 705.0 0.0 0.0 0.0 55.0 
1.0 0.0 3.0 0.502020202020202 0.0 0.11627906976744186 59.0 587.0 0.0 0.0 0.0 43.0 
0.0 1.0 2.0 0.0 0.0 0.0 2.0 18.0 0.0 1.0 1.0 2.0 
1.0 2.0 2.0 0.0 0.0 0.0 3.0 25.0 0.0 1.0 1.0 2.0 
0.0 0.0 2.0 0.0 0.0 0.0 1.0 10.0 0.0 0.0 1.0 1.0 
7.0 2.0 2.0 0.0 0.0 0.0 10.0 95.0 0.0 1.0 1.0 6.0 
0.0 1.0 2.0 0.0 0.0 0.0 2.0 18.0 0.0 1.0 1.0 2.0 
0.0 2.0 2.0 0.0 0.0 0.0 4.0 43.0 0.0 1.0 1.0 4.0 
0.0 0.0 2.0 0.0 0.0 0.0 4.0 27.0 0.0 0.0 0.0 4.0 
0.0 1.0 2.0 0.0 0.0 0.0 2.0 18.0 0.0 1.0 1.0 2.0 
3.0 1.0 2.0 0.0 0.0 0.5 7.0 52.0 0.0 0.0 0.0 2.0 
6.0 4.0 2.0 0.0 0.0 0.5 10.0 71.0 0.0 0.0 0.0 2.0 
7.0 4.0 1.0 0.0 0.0 0.0 70.0 488.0 0.0 0.0 0.0 0.0 
0.0 1.0 1.0 0.6640316205533597 0.1 0.12121212121212122 37.0 174.0 0.0 1.0 2.0 24.0 
0.0 0.0 3.0 1.0 0.0 0.0 4.0 26.0 0.0 0.0 1.0 4.0 
5.0 4.0 1.0 0.8 0.0 0.125 16.0 116.0 0.0 0.0 1.0 11.0 
2.0 0.0 2.0 0.0 0.0 0.0 63.0 606.0 0.0 0.0 2.0 5.0 
6.0 9.0 2.0 0.0 0.0 0.5 62.0 599.0 0.0 0.0 1.0 4.0 
0.0 3.0 2.0 0.23809523809523808 0.6944444444444443 0.0 17.0 116.0 0.0 5.0 6.0 8.0 
0.0 3.0 2.0 0.26666666666666666 0.6 0.0 10.0 73.0 0.0 2.0 4.0 7.0 
0.0 1.0 2.0 0.19047619047619047 0.6 0.0 19.0 107.0 0.0 4.0 4.0 7.0 
0.0 6.0 2.0 0.17777777777777778 0.7777777777777778 0.0 18.0 128.0 0.0 2.0 8.0 11.0 
0.0 4.0 2.0 0.19444444444444445 0.765625 0.0 32.0 223.0 0.0 7.0 8.0 10.0 
0.0 2.0 2.0 0.3333333333333333 0.25 0.0 8.0 53.0 0.0 1.0 2.0 4.0 
0.0 6.0 2.0 0.15151515151515152 0.8181818181818182 0.0 20.0 144.0 0.0 2.0 10.0 13.0 
0.0 3.0 2.0 0.26666666666666666 0.6 0.0 10.0 73.0 0.0 2.0 4.0 7.0 
1.0 3.0 1.0 0.5714285714285714 0.4 0.2 15.0 78.0 0.0 0.0 3.0 8.0 
0.0 1.0 2.0 0.0 0.0 0.0 2.0 18.0 0.0 0.0 1.0 2.0 
0.0 1.0 3.0 0.0 0.0 0.0 2.0 15.0 0.0 0.0 1.0 2.0 
0.0 1.0 2.0 0.0 0.0 0.0 2.0 19.0 0.0 0.0 1.0 2.0 
11.0 9.0 3.0 0.25 0.8248847926267281 0.5882352941176471 94.0 644.0 0.0 4.0 31.0 20.0 
1.0 3.0 1.0 0.6 0.4666666666666667 0.2 16.0 89.0 0.0 0.0 3.0 7.0 
1.0 3.0 1.0 0.6 0.4666666666666667 0.2 16.0 89.0 0.0 0.0 3.0 7.0 
1.0 5.0 3.0 0.027777777777777776 0.875 0.0 12.0 84.0 0.0 6.0 8.0 11.0 
1.0 3.0 1.0 0.6 0.4666666666666667 0.2 16.0 89.0 0.0 0.0 3.0 7.0 
1.0 2.0 3.0 0.1 0.75 0.0 7.0 46.0 0.0 3.0 4.0 7.0 
0.0 1.0 2.0 0.0 0.0 0.0 2.0 19.0 0.0 0.0 1.0 2.0 
0.0 5.0 3.0 0.0 0.9 0.0 13.0 95.0 0.0 7.0 10.0 12.0 
0.0 1.0 2.0 0.0 0.0 0.0 2.0 18.0 0.0 0.0 1.0 2.0 
0.0 1.0 2.0 0.0 0.0 0.0 2.0 18.0 0.0 0.0 1.0 2.0 
1.0 3.0 1.0 0.6 0.4666666666666667 0.2 16.0 89.0 0.0 0.0 3.0 7.0 
1.0 2.0 3.0 0.1 0.75 0.0 7.0 46.0 0.0 3.0 4.0 7.0 
0.0 1.0 2.0 0.0 0.0 0.0 2.0 19.0 0.0 0.0 1.0 2.0 
2.0 2.0 2.0 0.5 0.0 0.25 16.0 89.0 1.0 0.0 2.0 7.0 
0.0 1.0 2.0 0.0 0.0 0.0 2.0 16.0 0.0 0.0 1.0 2.0 
0.0 2.0 2.0 0.8571428571428571 0.40740740740740744 0.125 48.0 360.0 25.0 0.0 27.0 11.0 
0.0 2.0 2.0 1.0 0.3061224489795919 0.14285714285714285 40.0 318.0 17.0 0.0 21.0 10.0 
2.0 2.0 3.0 0.5 0.0 0.25 16.0 82.0 1.0 0.0 1.0 7.0 
9.0 3.0 3.0 0.6 0.33333333333333337 0.2 22.0 137.0 3.0 0.0 3.0 8.0 
0.0 0.0 3.0 0.0 0.6666666666666666 0.0 4.0 29.0 0.0 0.0 3.0 4.0 
0.0 0.0 2.0 0.0 0.0 0.0 2.0 18.0 0.0 1.0 1.0 2.0 
0.0 1.0 3.0 0.0 0.8333333333333334 0.0 7.0 46.0 0.0 4.0 6.0 7.0 
0.0 1.0 2.0 0.0 0.0 0.0 2.0 19.0 0.0 0.0 1.0 2.0 
7.0 4.0 1.0 0.26373626373626374 0.62 0.07142857142857142 19.0 116.0 0.0 3.0 5.0 17.0 
7.0 4.0 1.0 0.26373626373626374 0.62 0.07142857142857142 20.0 116.0 0.0 3.0 5.0 17.0 
0.0 1.0 2.0 0.0 0.0 0.0 2.0 16.0 0.0 0.0 1.0 2.0 
2.0 4.0 2.0 0.7222222222222222 0.1875 0.1111111111111111 31.0 158.0 0.0 1.0 2.0 12.0 
3.0 2.0 2.0 0.08974358974358974 0.725 0.07692307692307693 71.0 369.0 0.0 4.0 5.0 16.0 
2.0 4.0 2.0 0.875 0.0 0.1 66.0 324.0 0.0 0.0 1.0 21.0 
3.0 2.0 2.0 0.08333333333333333 0.7 0.1111111111111111 61.0 349.0 0.0 0.0 4.0 10.0 
0.0 1.0 1.0 0.75 0.0 0.125 32.0 145.0 0.0 0.0 1.0 12.0 
3.0 4.0 2.0 0.8505747126436781 0.10416666666666667 0.10493827160493827 178.0 905.0 0.0 1.0 2.0 33.0 
2.0 3.0 2.0 0.3411764705882353 0.3666666666666667 0.050505050505050504 127.0 682.0 0.0 0.0 3.0 38.0 
3.0 5.0 2.0 0.3626373626373626 0.2222222222222222 0.1282051282051282 59.0 262.0 0.0 0.0 2.0 16.0 
7.0 4.0 2.0 0.34355179704016914 0.0 0.05238095238095238 101.0 569.0 0.0 0.0 1.0 47.0 
0.0 1.0 1.0 0.36764705882352944 0.4230769230769231 0.20833333333333334 47.0 220.0 0.0 2.0 2.0 20.0 
1.0 1.0 2.0 0.0 0.0 0.2 19.0 96.0 0.0 0.0 0.0 8.0 
3.0 2.0 2.0 0.0 0.0 0.0 2.0 27.0 0.0 0.0 1.0 1.0 
0.0 0.0 5.0 0.0 0.0 0.0 1.0 9.0 0.0 0.0 0.0 1.0 
0.0 0.0 3.0 0.0 0.0 0.0 2.0 15.0 0.0 0.0 1.0 2.0 
0.0 0.0 4.0 0.0 0.0 0.0 2.0 15.0 0.0 0.0 1.0 2.0 
0.0 0.0 5.0 0.0 0.0 0.0 2.0 15.0 0.0 1.0 1.0 2.0 
0.0 0.0 5.0 0.0 0.0 0.0 2.0 15.0 0.0 1.0 1.0 2.0 
0.0 0.0 2.0 0.8333333333333334 0.3333333333333333 0.375 10.0 72.0 0.0 0.0 3.0 6.0 
0.0 0.0 4.0 0.0 0.0 0.0 1.0 10.0 0.0 0.0 0.0 1.0 
0.0 0.0 2.0 0.6 0.16666666666666666 0.3 8.0 50.0 0.0 0.0 2.0 6.0 
0.0 0.0 2.0 1.0 0.0 0.4 6.0 44.0 0.0 0.0 2.0 6.0 
0.0 0.0 1.0 0.0 0.6666666666666666 0.0 6.0 39.0 0.0 3.0 3.0 6.0 
5.0 2.0 3.0 0.0 0.75 0.25 14.0 96.0 0.0 0.0 2.0 6.0 
0.0 0.0 3.0 0.0 0.0 0.5 11.0 66.0 0.0 0.0 0.0 3.0 
0.0 0.0 4.0 0.0 0.0 0.0 3.0 20.0 0.0 1.0 1.0 3.0 
0.0 0.0 3.0 0.0 0.0 0.5 3.0 19.0 0.0 0.0 0.0 3.0 
0.0 0.0 3.0 0.3 0.5 0.2 14.0 97.0 0.0 0.0 3.0 9.0 
0.0 1.0 4.0 0.0 0.0 0.0 2.0 15.0 0.0 0.0 1.0 2.0 
0.0 0.0 3.0 0.0 0.0 0.0 1.0 9.0 0.0 0.0 0.0 1.0 
0.0 0.0 6.0 0.0 0.0 0.0 2.0 16.0 0.0 1.0 1.0 2.0 
2.0 3.0 2.0 1.0 0.0 0.0 7.0 49.0 0.0 0.0 1.0 6.0 
0.0 2.0 2.0 0.10256410256410256 0.8791666666666668 0.07211538461538461 54.0 311.0 0.0 15.0 10.0 27.0 
5.0 4.0 1.0 0.35714285714285715 0.0 0.15625 29.0 160.0 0.0 0.0 1.0 11.0 
16.0 1.0 1.0 0.2857142857142857 0.6666666666666667 0.06666666666666667 49.0 289.0 0.0 2.0 3.0 24.0 
11.0 5.0 1.0 0.4583333333333333 0.0 0.1 53.0 281.0 0.0 0.0 1.0 23.0 
0.0 1.0 3.0 0.2857142857142857 0.5 0.16666666666666666 14.0 98.0 0.0 4.0 2.0 7.0 
0.0 1.0 4.0 0.0 0.5 0.0 16.0 60.0 0.0 2.0 2.0 6.0 
0.0 0.0 3.0 0.0 0.0 0.0 1.0 9.0 0.0 0.0 0.0 1.0 
2.0 2.0 1.0 0.16666666666666666 0.5 0.2 12.0 80.0 0.0 0.0 2.0 6.0 
0.0 2.0 3.0 0.0 0.0 0.0 11.0 102.0 0.0 0.0 0.0 5.0 
0.0 0.0 3.0 0.0 0.0 0.0 4.0 37.0 0.0 0.0 0.0 2.0 
0.0 0.0 3.0 0.0 0.0 0.0 2.0 15.0 0.0 0.0 1.0 2.0 
