0.0 2.0 3.0 0.0 0.0 0.3333333333333333 8.0 64.0 0.0 0.0 0.0 4.0 
0.0 3.0 3.0 0.027777777777777776 0.0 0.3333333333333333 13.0 53.0 0.0 0.0 1.0 4.0 
0.0 4.0 2.0 0.10909090909090909 0.0 0.2 11.0 59.0 0.0 0.0 1.0 11.0 
0.0 4.0 1.0 0.07509881422924901 0.7142857142857143 0.1111111111111111 42.0 151.0 0.0 0.0 7.0 25.0 
0.0 4.0 3.0 0.0 0.0 0.25 13.0 76.0 0.0 0.0 0.0 6.0 
0.0 3.0 2.0 0.0 0.0 0.2 7.0 40.0 0.0 0.0 1.0 6.0 
0.0 2.0 2.0 0.3333333333333333 0.6666666666666666 0.3333333333333333 6.0 34.0 0.0 0.0 2.0 4.0 
0.0 0.0 2.0 0.05714285714285714 0.696969696969697 0.0763888888888889 33.0 126.0 0.0 2.0 3.0 19.0 
0.0 3.0 2.0 0.0 0.0 0.25 8.0 27.0 0.0 0.0 0.0 8.0 
0.0 2.0 2.0 0.0 0.0 0.3333333333333333 6.0 35.0 0.0 0.0 0.0 4.0 
0.0 1.0 3.0 0.0 0.0 0.6666666666666666 3.0 25.0 0.0 0.0 0.0 2.0 
0.0 1.0 1.0 0.13333333333333333 0.3333333333333333 0.0 7.0 36.0 0.0 0.0 2.0 7.0 
0.0 0.0 5.0 0.6666666666666666 0.3333333333333333 0.0 4.0 22.0 0.0 0.0 2.0 4.0 
0.0 6.0 1.0 0.26666666666666666 0.625 0.125 15.0 66.0 0.0 0.0 3.0 12.0 
0.0 1.0 1.0 0.0 0.0 0.0 5.0 23.0 0.0 0.0 0.0 0.0 
0.0 2.0 2.0 0.0 0.5 0.6666666666666666 9.0 65.0 0.0 0.0 2.0 3.0 
0.0 0.0 3.0 0.0 0.0 0.0 1.0 7.0 0.0 0.0 0.0 1.0 
0.0 4.0 1.0 0.05128205128205128 0.0 0.24 23.0 100.0 0.0 0.0 1.0 11.0 
0.0 3.0 1.0 0.16666666666666666 0.0 0.0 6.0 33.0 0.0 0.0 1.0 4.0 
0.0 1.0 4.0 0.0 0.0 0.0 1.0 8.0 0.0 0.0 0.0 1.0 
0.0 3.0 1.0 0.20512820512820512 0.5925925925925926 0.1875 20.0 101.0 0.0 0.0 3.0 13.0 
0.0 0.0 4.0 0.0 0.0 1.0 8.0 38.0 0.0 0.0 0.0 2.0 
0.0 4.0 2.0 0.13333333333333333 0.0 0.2 16.0 73.0 0.0 0.0 1.0 12.0 
0.0 0.0 4.0 0.0 0.0 0.5 6.0 32.0 0.0 0.0 2.0 4.0 
0.0 0.0 2.0 0.0 0.0 1.0 3.0 15.0 1.0 0.0 1.0 2.0 
0.0 0.0 4.0 0.3333333333333333 0.5 0.3333333333333333 6.0 36.0 0.0 0.0 3.0 4.0 
0.0 0.0 2.0 0.0 0.0 1.0 2.0 12.0 0.0 0.0 0.0 1.0 
0.0 0.0 2.0 0.0 0.0 1.0 3.0 15.0 0.0 0.0 0.0 2.0 
0.0 0.0 2.0 0.0 0.0 1.0 1.0 9.0 0.0 0.0 0.0 1.0 
0.0 0.0 2.0 0.0 0.0 0.16666666666666666 10.0 43.0 0.0 0.0 1.0 7.0 
0.0 1.0 2.0 0.0 0.0 0.5 3.0 18.0 0.0 0.0 1.0 3.0 
0.0 0.0 2.0 0.0 0.0 1.0 1.0 10.0 0.0 0.0 0.0 1.0 
0.0 1.0 2.0 0.0 0.0 0.75 6.0 36.0 0.0 0.0 1.0 3.0 
0.0 0.0 4.0 0.0 0.0 0.5 4.0 20.0 0.0 0.0 0.0 3.0 
0.0 0.0 1.0 0.0 0.0 0.0 1.0 20.0 0.0 0.0 0.0 0.0 
0.0 1.0 3.0 0.0 0.0 0.5 7.0 36.0 0.0 0.0 1.0 3.0 
0.0 0.0 2.0 0.0 0.0 0.3333333333333333 5.0 26.0 0.0 0.0 1.0 5.0 
0.0 2.0 2.0 0.0 0.0 0.0 3.0 26.0 0.0 0.0 2.0 2.0 
0.0 1.0 2.0 0.0 0.0 0.0 2.0 20.0 0.0 0.0 2.0 2.0 
0.0 0.0 2.0 0.0 0.0 0.0 3.0 19.0 0.0 0.0 2.0 3.0 
0.0 1.0 2.0 0.2 0.3333333333333333 0.5 11.0 50.0 0.0 0.0 2.0 6.0 
0.0 3.0 1.0 0.1 0.6875 0.2 14.0 65.0 0.0 0.0 4.0 6.0 
0.0 3.0 1.0 0.12727272727272726 0.45 0.125 26.0 138.0 0.0 0.0 4.0 9.0 
0.0 0.0 1.0 0.10909090909090909 0.0 0.13636363636363635 24.0 81.0 0.0 0.0 1.0 12.0 
0.0 0.0 3.0 0.0 0.0 0.0 4.0 24.0 0.0 0.0 0.0 1.0 
0.0 5.0 2.0 0.12280701754385964 0.5 0.12745098039215685 25.0 117.0 0.0 0.0 2.0 18.0 
0.0 1.0 1.0 0.6666666666666666 0.3 0.16666666666666666 17.0 72.0 0.0 0.0 2.0 7.0 
0.0 0.0 3.0 0.0 0.0 0.0 4.0 20.0 0.0 0.0 1.0 4.0 
0.0 1.0 1.0 0.25 0.5 0.125 12.0 51.0 0.0 0.0 2.0 9.0 
0.0 0.0 4.0 0.0 0.0 0.0 1.0 9.0 0.0 0.0 0.0 1.0 
0.0 4.0 1.0 0.6666666666666666 0.0 0.16666666666666666 9.0 38.0 0.0 0.0 2.0 7.0 
0.0 1.0 2.0 0.0 0.0 0.0 6.0 31.0 0.0 0.0 2.0 2.0 
0.0 2.0 2.0 0.0 0.0 0.0 5.0 33.0 0.0 0.0 3.0 2.0 
0.0 1.0 2.0 0.0 0.0 0.0 2.0 15.0 0.0 0.0 2.0 2.0 
0.0 2.0 2.0 0.0 0.0 0.0 3.0 20.0 0.0 0.0 3.0 2.0 
0.0 0.0 2.0 0.0 0.0 0.0 2.0 12.0 0.0 0.0 1.0 2.0 
0.0 2.0 1.0 0.0 0.0 1.0 2.0 13.0 0.0 0.0 1.0 2.0 
0.0 2.0 2.0 0.0 0.0 0.0 4.0 19.0 0.0 0.0 1.0 2.0 
0.0 4.0 1.0 0.16666666666666666 0.0 0.5 6.0 31.0 0.0 0.0 1.0 3.0 
0.0 1.0 2.0 0.06666666666666667 0.0 0.28 6.0 36.0 0.0 0.0 1.0 5.0 
0.0 1.0 1.0 0.017316017316017316 0.6666666666666667 0.05555555555555555 33.0 115.0 0.0 0.0 3.0 19.0 
0.0 2.0 2.0 0.0 0.0 0.5 5.0 22.0 0.0 0.0 1.0 4.0 
0.0 0.0 3.0 0.0 0.0 0.0 0.0 4.0 0.0 0.0 0.0 0.0 
0.0 1.0 1.0 0.13333333333333333 0.5 0.0 7.0 39.0 0.0 0.0 2.0 7.0 
0.0 0.0 4.0 0.0 0.0 0.0 0.0 4.0 0.0 0.0 0.0 0.0 
0.0 4.0 3.0 0.0 0.0 0.23333333333333334 49.0 207.0 0.0 0.0 0.0 31.0 
0.0 0.0 4.0 0.0 0.0 0.0 1.0 7.0 0.0 0.0 0.0 1.0 
0.0 0.0 4.0 0.0 0.0 0.0 1.0 7.0 0.0 0.0 0.0 1.0 
0.0 0.0 3.0 0.3333333333333333 0.0 0.0 7.0 31.0 0.0 0.0 1.0 3.0 
0.0 1.0 1.0 0.15151515151515152 0.6666666666666666 0.1527777777777778 28.0 108.0 0.0 0.0 3.0 13.0 
0.0 1.0 2.0 0.5357142857142857 0.0 0.125 9.0 39.0 0.0 0.0 1.0 9.0 
0.0 0.0 3.0 0.0 0.0 0.0 4.0 19.0 0.0 0.0 1.0 4.0 
0.0 1.0 2.0 0.7252747252747253 0.0 0.1282051282051282 25.0 85.0 0.0 0.0 1.0 14.0 
0.0 0.0 1.0 0.1 0.0 0.36 14.0 45.0 0.0 0.0 1.0 6.0 
