0.0 4.0 1.0 0.17373737373737375 0.0 0.3333333333333333 36.0 253.0 0.0 3.0 1.0 11.0 
0.0 9.0 1.0 0.2222222222222222 0.8347826086956521 0.09876543209876543 50.0 175.0 0.0 4.0 5.0 27.0 
0.0 1.0 1.0 0.22727272727272727 0.0 0.0 23.0 117.0 0.0 2.0 1.0 2.0 
1.0 2.0 1.0 0.0 0.0 0.5833333333333334 9.0 39.0 0.0 0.0 0.0 3.0 
6.0 5.0 1.0 0.2222222222222222 0.7916666666666666 0.2833333333333333 52.0 224.0 0.0 0.0 12.0 16.0 
5.0 3.0 1.0 0.0735930735930736 0.7454545454545454 0.2 49.0 198.0 0.0 0.0 5.0 16.0 
2.0 0.0 2.0 0.06666666666666667 0.0 0.36666666666666664 26.0 115.0 0.0 0.0 1.0 10.0 
4.0 1.0 1.0 0.2777777777777778 0.0 0.3125 48.0 199.0 0.0 0.0 1.0 10.0 
1.0 2.0 2.0 0.11052631578947368 0.6666666666666667 0.2619047619047619 42.0 218.0 0.0 0.0 6.0 15.0 
1.0 0.0 3.0 0.003952569169960474 0.0 0.3333333333333333 66.0 314.0 0.0 0.0 1.0 4.0 
1.0 1.0 1.0 0.11428571428571428 0.75 0.21666666666666667 44.0 200.0 0.0 8.0 5.0 16.0 
0.0 0.0 1.0 0.03571428571428571 0.0 0.2 17.0 69.0 0.0 1.0 1.0 6.0 
0.0 0.0 3.0 0.47619047619047616 0.0 0.2 33.0 143.0 0.0 0.0 1.0 6.0 
3.0 2.0 1.0 0.03571428571428571 0.6666666666666667 0.2 29.0 115.0 0.0 4.0 3.0 7.0 
0.0 0.0 1.0 0.047619047619047616 0.5 0.2 10.0 41.0 0.0 1.0 2.0 7.0 
0.0 1.0 1.0 0.0 0.0 0.2 8.0 33.0 0.0 1.0 1.0 6.0 
1.0 0.0 3.0 0.3611111111111111 0.5 0.15625 20.0 91.0 0.0 2.0 2.0 9.0 
1.0 0.0 3.0 0.3626373626373626 0.45 0.10606060606060606 25.0 117.0 0.0 1.0 2.0 13.0 
0.0 0.0 3.0 0.6666666666666666 0.0 0.2 8.0 46.0 0.0 0.0 1.0 6.0 
5.0 1.0 3.0 0.5238095238095238 0.3 0.2 10.0 117.0 0.0 0.0 2.0 6.0 
0.0 2.0 3.0 0.20512820512820512 0.0 0.19047619047619047 29.0 155.0 0.0 0.0 1.0 8.0 
2.0 0.0 3.0 0.17142857142857143 0.75 0.15625 34.0 199.0 0.0 1.0 4.0 9.0 
0.0 0.0 3.0 0.047619047619047616 0.0 0.2857142857142857 23.0 84.0 0.0 0.0 0.0 7.0 
6.0 1.0 4.0 0.0 0.0 0.0 3.0 87.0 0.0 0.0 0.0 1.0 
0.0 0.0 5.0 0.06666666666666667 0.8 0.2777777777777778 15.0 87.0 0.0 0.0 4.0 7.0 
0.0 2.0 2.0 0.0 0.0 0.0 78.0 274.0 0.0 0.0 0.0 1.0 
0.0 1.0 5.0 0.0 0.0 0.0 16.0 82.0 0.0 0.0 0.0 3.0 
0.0 0.0 3.0 0.3333333333333333 0.0 0.3333333333333333 4.0 21.0 0.0 0.0 1.0 4.0 
0.0 1.0 1.0 0.01818181818181818 0.0 0.275 28.0 187.0 0.0 1.0 0.0 8.0 
2.0 2.0 1.0 0.3333333333333333 0.6190476190476192 0.14285714285714285 13.0 55.0 0.0 4.0 3.0 11.0 
4.0 0.0 1.0 0.06666666666666667 0.0 0.25 10.0 49.0 0.0 1.0 1.0 6.0 
0.0 2.0 1.0 0.23076923076923078 0.7857142857142857 0.1 25.0 101.0 0.0 10.0 5.0 18.0 
3.0 4.0 1.0 0.20261437908496732 0.6 0.2184873949579832 46.0 213.0 0.0 0.0 2.0 17.0 
2.0 4.0 1.0 0.07142857142857142 0.875 0.18518518518518517 55.0 216.0 0.0 0.0 4.0 18.0 
2.0 4.0 1.0 0.0 0.0 0.2916666666666667 10.0 45.0 0.0 0.0 0.0 8.0 
0.0 3.0 2.0 0.2727272727272727 0.0 0.2 16.0 69.0 0.0 2.0 1.0 10.0 
1.0 3.0 2.0 0.17857142857142858 0.3333333333333333 0.25 12.0 55.0 0.0 4.0 2.0 6.0 
0.0 3.0 2.0 0.0 0.0 0.3333333333333333 4.0 25.0 0.0 1.0 0.0 3.0 
5.0 4.0 2.0 0.0 0.0 0.2 16.0 100.0 0.0 0.0 0.0 10.0 
0.0 4.0 3.0 0.00202020202020202 0.75 0.04715447154471545 51.0 189.0 0.0 0.0 2.0 42.0 
2.0 4.0 2.0 0.2 0.0 0.25 7.0 124.0 0.0 1.0 1.0 4.0 
0.0 2.0 7.0 0.07692307692307693 0.8 0.18181818181818182 21.0 80.0 0.0 2.0 3.0 14.0 
6.0 5.0 1.0 0.025 0.0 0.1590909090909091 47.0 286.0 0.0 0.0 1.0 11.0 
6.0 2.0 1.0 0.08333333333333333 0.7222222222222223 0.12 33.0 141.0 0.0 2.0 3.0 10.0 
3.0 3.0 1.0 0.0 0.5 0.2857142857142857 14.0 77.0 0.0 0.0 2.0 9.0 
21.0 4.0 2.0 0.1282051282051282 0.25 0.0 15.0 299.0 0.0 1.0 2.0 3.0 
0.0 2.0 3.0 0.06666666666666667 0.0 0.3333333333333333 8.0 41.0 0.0 2.0 1.0 3.0 
0.0 0.0 1.0 0.3333333333333333 0.0 0.3333333333333333 8.0 56.0 0.0 0.0 1.0 3.0 
5.0 3.0 1.0 0.0 0.0 0.23809523809523808 58.0 254.0 0.0 0.0 1.0 18.0 
22.0 4.0 1.0 0.0 0.0 0.16483516483516483 47.0 271.0 0.0 1.0 0.0 13.0 
3.0 2.0 1.0 0.10256410256410256 0.7142857142857143 0.18181818181818182 33.0 150.0 0.0 5.0 5.0 14.0 
0.0 1.0 2.0 0.5 0.0 0.25 10.0 55.0 0.0 0.0 2.0 4.0 
5.0 1.0 1.0 0.12087912087912088 0.5 0.25 19.0 117.0 0.0 4.0 2.0 8.0 
7.0 4.0 2.0 0.12280701754385964 0.5714285714285714 0.203125 35.0 164.0 0.0 1.0 3.0 16.0 
12.0 1.0 7.0 0.01098901098901099 0.0 0.12087912087912088 18.0 111.0 0.0 1.0 0.0 13.0 
1.0 0.0 3.0 0.34545454545454546 0.625 0.125 11.0 95.0 0.0 0.0 4.0 9.0 
3.0 1.0 3.0 0.35714285714285715 0.6666666666666667 0.125 13.0 74.0 0.0 0.0 3.0 9.0 
2.0 0.0 3.0 0.0 0.0 0.5 11.0 97.0 0.0 0.0 1.0 3.0 
0.0 0.0 3.0 1.0 0.4 0.2 10.0 68.0 0.0 0.0 2.0 7.0 
0.0 0.0 2.0 0.25 0.5625 0.3125 13.0 52.0 0.0 1.0 2.0 9.0 
0.0 1.0 1.0 0.7090909090909091 0.76 0.4 14.0 79.0 0.0 3.0 5.0 11.0 
0.0 1.0 6.0 0.3333333333333333 0.0 0.3333333333333333 7.0 41.0 0.0 0.0 1.0 5.0 
0.0 0.0 5.0 0.0 0.0 0.34285714285714286 15.0 91.0 0.0 0.0 0.0 8.0 
0.0 1.0 7.0 0.2 0.6666666666666666 0.23333333333333334 7.0 52.0 0.0 1.0 2.0 6.0 
0.0 0.0 1.0 0.3333333333333333 0.5 0.0 4.0 21.0 0.0 2.0 2.0 4.0 
0.0 1.0 3.0 1.0 0.0 0.5 5.0 37.0 0.0 0.0 1.0 4.0 
0.0 1.0 1.0 0.3333333333333333 0.33333333333333326 0.0 6.0 50.0 0.0 0.0 3.0 3.0 
0.0 0.0 5.0 0.0 0.0 0.0 7.0 28.0 0.0 0.0 0.0 2.0 
1.0 0.0 4.0 0.0 0.0 0.5 10.0 69.0 0.0 0.0 1.0 3.0 
2.0 1.0 1.0 0.25 0.7333333333333333 0.2 19.0 183.0 0.0 0.0 9.0 6.0 
0.0 1.0 7.0 0.2 0.6666666666666666 0.23333333333333334 7.0 51.0 0.0 1.0 2.0 6.0 
0.0 1.0 1.0 0.16666666666666666 0.6833333333333333 0.0 37.0 163.0 0.0 2.0 6.0 14.0 
0.0 0.0 3.0 0.0 0.0 0.0 4.0 29.0 0.0 0.0 3.0 2.0 
3.0 0.0 1.0 0.0 0.0 0.0 39.0 138.0 0.0 0.0 0.0 3.0 
0.0 0.0 3.0 0.0 0.0 1.0 16.0 64.0 0.0 0.0 1.0 3.0 
0.0 0.0 2.0 1.0 0.0 0.5 4.0 47.0 0.0 0.0 2.0 3.0 
1.0 1.0 2.0 0.4 0.5555555555555556 0.24242424242424243 16.0 64.0 0.0 2.0 2.0 12.0 
0.0 2.0 2.0 0.4 0.0 0.25 8.0 40.0 0.0 1.0 1.0 5.0 
7.0 6.0 1.0 0.01 0.0 0.20634920634920634 26.0 192.0 0.0 0.0 1.0 19.0 
0.0 2.0 2.0 0.4 0.0 0.25 8.0 40.0 0.0 1.0 1.0 5.0 
1.0 2.0 3.0 0.26666666666666666 0.16666666666666674 0.2 13.0 80.0 0.0 1.0 3.0 6.0 
1.0 1.0 2.0 0.03296703296703297 0.5 0.42857142857142855 40.0 131.0 0.0 0.0 2.0 15.0 
3.0 4.0 1.0 0.16502463054187191 0.7763157894736842 0.14285714285714285 53.0 190.0 0.0 3.0 4.0 30.0 
0.0 2.0 2.0 0.3333333333333333 0.5 0.2 11.0 66.0 0.0 1.0 3.0 6.0 
1.0 3.0 2.0 0.4 0.3333333333333333 0.25 9.0 73.0 0.0 1.0 6.0 5.0 
0.0 0.0 2.0 0.0 0.0 0.0 2.0 13.0 0.0 0.0 1.0 2.0 
6.0 8.0 2.0 0.32596153846153847 0.0 0.032692307692307694 66.0 219.0 0.0 0.0 1.0 66.0 
5.0 4.0 1.0 0.35833333333333334 0.7662337662337663 0.125 95.0 391.0 0.0 0.0 7.0 15.0 
0.0 0.0 1.0 0.5 0.27777777777777785 0.25 26.0 96.0 0.0 0.0 6.0 6.0 
4.0 8.0 1.0 0.0 0.0 0.328125 19.0 103.0 0.0 0.0 1.0 9.0 
3.0 2.0 4.0 0.3333333333333333 0.0 0.5 6.0 48.0 0.0 0.0 1.0 4.0 
6.0 8.0 1.0 0.0 0.0 0.25555555555555554 28.0 134.0 0.0 0.0 1.0 10.0 
7.0 11.0 1.0 0.058823529411764705 0.6666666666666666 0.2 37.0 186.0 0.0 0.0 3.0 16.0 
3.0 1.0 4.0 0.16666666666666666 0.0 0.5 11.0 58.0 0.0 0.0 1.0 3.0 
3.0 2.0 4.0 1.0 0.0 0.5 5.0 34.0 0.0 0.0 1.0 3.0 
0.0 0.0 1.0 0.2 0.7222222222222223 0.375 31.0 139.0 0.0 0.0 6.0 5.0 
0.0 0.0 2.0 0.0 0.0 0.0 1.0 6.0 0.0 0.0 0.0 1.0 
5.0 7.0 1.0 0.0 0.0 0.36 14.0 125.0 0.0 0.0 0.0 6.0 
1.0 1.0 3.0 0.0 0.0 0.3333333333333333 8.0 47.0 0.0 0.0 1.0 4.0 
0.0 0.0 2.0 0.0 0.0 0.0 1.0 6.0 0.0 0.0 0.0 1.0 
1.0 1.0 3.0 0.0 0.0 0.3333333333333333 7.0 43.0 0.0 0.0 1.0 4.0 
2.0 4.0 2.0 0.0 0.0 1.0 6.0 45.0 0.0 0.0 0.0 2.0 
2.0 1.0 1.0 0.1 0.25 0.25 13.0 97.0 0.0 0.0 2.0 6.0 
1.0 4.0 1.0 0.05555555555555555 0.5 0.16666666666666666 15.0 113.0 0.0 2.0 2.0 7.0 
0.0 1.0 1.0 0.047619047619047616 0.0 0.25 20.0 100.0 0.0 0.0 1.0 6.0 
8.0 2.0 1.0 0.01098901098901099 0.6666666666666667 0.21794871794871795 48.0 260.0 0.0 0.0 3.0 14.0 
2.0 1.0 1.0 0.5 0.0 0.3333333333333333 15.0 88.0 0.0 0.0 1.0 5.0 
0.0 1.0 3.0 0.0 0.0 1.0 2.0 14.0 0.0 0.0 1.0 2.0 
2.0 1.0 3.0 1.0 0.0 0.5 3.0 29.0 0.0 0.0 1.0 3.0 
0.0 2.0 3.0 0.0 0.0 1.0 2.0 17.0 0.0 0.0 2.0 2.0 
0.0 1.0 3.0 0.0 0.0 1.0 2.0 14.0 0.0 0.0 1.0 2.0 
2.0 3.0 1.0 0.0 0.0 1.0 6.0 30.0 0.0 0.0 1.0 2.0 
0.0 1.0 3.0 0.0 0.0 1.0 2.0 14.0 0.0 0.0 1.0 2.0 
5.0 4.0 1.0 0.08088235294117647 0.5238095238095238 0.1875 43.0 177.0 0.0 1.0 3.0 17.0 
2.0 3.0 3.0 0.0 0.0 0.5 7.0 55.0 0.0 0.0 3.0 3.0 
0.0 2.0 3.0 0.0 0.0 1.0 3.0 21.0 0.0 0.0 2.0 2.0 
0.0 1.0 3.0 0.0 0.0 1.0 2.0 14.0 0.0 0.0 1.0 2.0 
2.0 1.0 3.0 1.0 0.0 0.5 3.0 29.0 0.0 0.0 1.0 3.0 
3.0 2.0 3.0 1.0 0.25 0.5 4.0 39.0 0.0 0.0 2.0 3.0 
0.0 1.0 3.0 0.0 0.0 1.0 2.0 14.0 0.0 0.0 1.0 2.0 
2.0 1.0 3.0 1.0 0.0 0.5 3.0 28.0 0.0 0.0 1.0 3.0 
4.0 2.0 3.0 0.0 0.0 1.0 8.0 50.0 0.0 0.0 2.0 2.0 
2.0 1.0 3.0 0.0 0.0 1.0 3.0 22.0 0.0 0.0 1.0 2.0 
1.0 4.0 2.0 0.3333333333333333 0.0 0.16666666666666666 14.0 69.0 0.0 1.0 1.0 7.0 
1.0 4.0 2.0 0.3333333333333333 0.0 0.16666666666666666 14.0 69.0 0.0 1.0 1.0 7.0 
1.0 0.0 1.0 0.0 0.0 0.6666666666666666 11.0 67.0 0.0 0.0 2.0 4.0 
2.0 4.0 2.0 0.3333333333333333 0.0 0.16666666666666666 9.0 53.0 0.0 1.0 1.0 7.0 
1.0 0.0 2.0 0.0 0.0 0.5 4.0 17.0 0.0 0.0 0.0 3.0 
1.0 0.0 2.0 0.0 0.0 1.0 13.0 49.0 0.0 0.0 3.0 3.0 
0.0 1.0 1.0 0.3888888888888889 0.3 0.2 20.0 76.0 0.0 1.0 2.0 6.0 
2.0 0.0 2.0 0.0 0.0 0.5 5.0 18.0 0.0 0.0 0.0 3.0 
1.0 2.0 1.0 0.3333333333333333 0.5555555555555556 0.16666666666666666 23.0 89.0 0.0 1.0 3.0 8.0 
1.0 1.0 2.0 0.25833333333333336 0.5 0.14285714285714285 34.0 146.0 0.0 0.0 2.0 11.0 
1.0 0.0 2.0 0.0 0.0 0.4444444444444444 4.0 23.0 0.0 0.0 1.0 4.0 
1.0 1.0 2.0 0.6153846153846154 0.7045454545454546 0.09090909090909091 38.0 122.0 0.0 2.0 4.0 17.0 
0.0 0.0 2.0 0.0 0.0 1.0 4.0 23.0 0.0 0.0 1.0 2.0 
0.0 1.0 1.0 0.3484848484848485 0.75 0.20833333333333334 23.0 85.0 0.0 5.0 5.0 13.0 
0.0 0.0 4.0 0.0 0.0 1.0 3.0 19.0 0.0 0.0 0.0 2.0 
3.0 0.0 3.0 1.0 0.0 1.0 4.0 46.0 0.0 0.0 1.0 2.0 
2.0 0.0 3.0 0.0 0.0 1.0 4.0 30.0 0.0 0.0 1.0 2.0 
3.0 0.0 3.0 0.0 0.0 0.5 5.0 62.0 0.0 0.0 1.0 3.0 
0.0 2.0 1.0 0.19230769230769232 0.6888888888888889 0.07692307692307693 32.0 134.0 0.0 4.0 5.0 16.0 
1.0 0.0 3.0 0.0 0.0 0.0 4.0 34.0 0.0 0.0 0.0 3.0 
0.0 0.0 2.0 0.0 0.0 0.0 4.0 18.0 0.0 0.0 0.0 4.0 
0.0 1.0 2.0 0.6 0.6 0.2 9.0 62.0 0.0 0.0 3.0 6.0 
1.0 5.0 1.0 0.5 0.0 0.25 9.0 38.0 0.0 0.0 1.0 5.0 
3.0 3.0 3.0 0.14285714285714285 0.125 0.14285714285714285 14.0 83.0 0.0 1.0 2.0 8.0 
6.0 6.0 1.0 0.13333333333333333 0.5 0.3333333333333333 15.0 98.0 0.0 0.0 2.0 7.0 
2.0 2.0 1.0 1.0 0.25 0.25 20.0 73.0 0.0 0.0 2.0 5.0 
0.0 2.0 2.0 0.3 0.6875 0.2 13.0 64.0 0.0 0.0 4.0 6.0 
1.0 3.0 2.0 0.1111111111111111 0.0 0.16666666666666666 14.0 71.0 0.0 2.0 1.0 7.0 
0.0 2.0 1.0 0.0 0.0 0.5 5.0 32.0 0.0 0.0 1.0 2.0 
2.0 2.0 4.0 1.0 0.0 0.16666666666666666 7.0 44.0 0.0 1.0 1.0 7.0 
1.0 1.0 4.0 0.0 0.0 0.2 7.0 39.0 0.0 0.0 1.0 6.0 
22.0 8.0 1.0 0.02564102564102564 0.375 0.22727272727272727 42.0 311.0 0.0 0.0 2.0 12.0 
5.0 1.0 3.0 0.0 0.0 0.25 9.0 42.0 0.0 1.0 0.0 5.0 
5.0 1.0 3.0 0.0 0.0 0.25 9.0 42.0 0.0 1.0 0.0 5.0 
0.0 1.0 3.0 0.0 0.0 0.0 1.0 7.0 0.0 0.0 0.0 1.0 
2.0 2.0 3.0 0.5 0.3333333333333333 0.25 5.0 42.0 0.0 1.0 3.0 5.0 
2.0 1.0 2.0 0.0 0.0 0.0 4.0 18.0 0.0 1.0 1.0 4.0 
1.0 2.0 3.0 0.0 0.0 1.0 3.0 28.0 0.0 0.0 2.0 2.0 
2.0 2.0 3.0 0.5 0.3333333333333333 0.25 5.0 42.0 0.0 1.0 3.0 5.0 
3.0 4.0 2.0 0.0 0.0 0.4 8.0 45.0 0.0 0.0 1.0 4.0 
0.0 2.0 3.0 1.0 0.0 0.3333333333333333 4.0 24.0 0.0 0.0 1.0 4.0 
1.0 2.0 3.0 0.0 0.0 1.0 3.0 27.0 0.0 0.0 1.0 2.0 
3.0 3.0 3.0 0.0 0.0 1.0 3.0 27.0 0.0 0.0 3.0 2.0 
2.0 3.0 3.0 0.0 0.0 1.0 2.0 22.0 0.0 0.0 2.0 2.0 
2.0 2.0 3.0 0.2 0.0 1.0 5.0 53.0 0.0 0.0 2.0 2.0 
0.0 1.0 3.0 0.0 0.6666666666666666 0.0 5.0 27.0 0.0 3.0 3.0 5.0 
5.0 3.0 1.0 0.14545454545454545 0.7555555555555555 0.21666666666666667 27.0 121.0 0.0 2.0 5.0 12.0 
0.0 2.0 3.0 0.3333333333333333 0.1 0.16666666666666666 8.0 54.0 0.0 1.0 2.0 7.0 
6.0 4.0 1.0 0.6 0.6571428571428571 0.5 31.0 102.0 0.0 1.0 7.0 6.0 
0.0 1.0 3.0 0.0 0.75 0.0 6.0 32.0 0.0 4.0 4.0 6.0 
0.0 2.0 2.0 0.2 0.0 0.25 9.0 44.0 0.0 1.0 2.0 5.0 
4.0 1.0 2.0 0.6666666666666666 0.0 0.0 14.0 63.0 0.0 1.0 1.0 7.0 
0.0 3.0 3.0 0.0 0.0 0.25 7.0 30.0 0.0 0.0 0.0 5.0 
2.0 0.0 2.0 0.0 0.0 0.0 2.0 16.0 0.0 0.0 0.0 2.0 
16.0 3.0 3.0 0.0 0.0 0.1875 110.0 680.0 0.0 0.0 0.0 35.0 
1.0 4.0 1.0 0.16666666666666666 0.5 0.8333333333333334 5.0 38.0 0.0 0.0 2.0 4.0 
1.0 4.0 2.0 0.5490196078431373 0.5 0.39215686274509803 19.0 87.0 0.0 0.0 2.0 18.0 
0.0 2.0 1.0 0.0 0.0 0.4444444444444444 5.0 24.0 0.0 0.0 1.0 3.0 
2.0 9.0 2.0 0.035650623885918005 0.8888888888888888 0.046875 43.0 195.0 0.0 10.0 9.0 25.0 
1.0 13.0 2.0 0.03092006033182504 0.9094650205761318 0.04883720930232558 73.0 328.0 0.0 7.0 9.0 44.0 
0.0 3.0 1.0 0.0 0.625 0.3 7.0 28.0 0.0 0.0 2.0 5.0 
0.0 1.0 3.0 0.0 0.0 0.0 2.0 13.0 0.0 0.0 0.0 2.0 
3.0 1.0 3.0 1.0 0.0 0.0 4.0 24.0 0.0 0.0 0.0 3.0 
5.0 7.0 3.0 0.019762845849802372 0.75 0.08333333333333333 29.0 172.0 0.0 1.0 3.0 21.0 
3.0 0.0 3.0 0.0 0.0 1.0 13.0 79.0 0.0 0.0 1.0 2.0 
2.0 1.0 1.0 0.3333333333333333 0.3333333333333333 0.25 7.0 33.0 0.0 0.0 3.0 5.0 
2.0 1.0 1.0 0.16666666666666666 0.4444444444444445 0.25 5.0 30.0 0.0 0.0 3.0 5.0 
2.0 1.0 1.0 0.16666666666666666 0.3333333333333333 0.25 5.0 30.0 0.0 0.0 3.0 5.0 
12.0 11.0 1.0 0.023809523809523808 0.8 0.13479623824451412 82.0 342.0 0.0 1.0 5.0 30.0 
0.0 1.0 2.0 0.0 0.0 0.0 1.0 16.0 0.0 0.0 0.0 1.0 
0.0 1.0 4.0 0.0 0.0 1.0 2.0 17.0 0.0 0.0 1.0 2.0 
1.0 2.0 1.0 0.0 0.0 1.0 7.0 35.0 0.0 0.0 1.0 3.0 
1.0 2.0 3.0 0.0 0.0 0.25 11.0 59.0 0.0 0.0 1.0 5.0 
4.0 3.0 1.0 1.0 0.5 0.6 19.0 103.0 0.0 0.0 4.0 6.0 
3.0 0.0 3.0 1.0 0.0 0.5 3.0 28.0 0.0 0.0 1.0 3.0 
1.0 1.0 3.0 1.0 0.0 0.5 4.0 28.0 0.0 0.0 1.0 3.0 
1.0 1.0 3.0 1.0 0.0 1.0 3.0 38.0 0.0 0.0 1.0 2.0 
5.0 1.0 4.0 0.0 0.0 1.0 8.0 140.0 0.0 0.0 0.0 2.0 
3.0 1.0 4.0 0.0 0.0 1.0 3.0 24.0 0.0 0.0 0.0 2.0 
0.0 1.0 6.0 0.0 0.0 0.5555555555555556 8.0 87.0 0.0 0.0 2.0 4.0 
0.0 1.0 2.0 0.3333333333333333 0.5833333333333334 0.3333333333333333 4.0 36.0 0.0 0.0 4.0 4.0 
0.0 1.0 5.0 0.0 0.0 0.0 1.0 7.0 0.0 0.0 0.0 1.0 
3.0 1.0 4.0 0.0 0.0 1.0 4.0 27.0 0.0 0.0 1.0 3.0 
1.0 1.0 4.0 0.24444444444444444 0.7916666666666667 0.175 18.0 95.0 0.0 0.0 6.0 11.0 
0.0 1.0 2.0 0.0 0.0 1.0 2.0 17.0 0.0 0.0 2.0 2.0 
6.0 10.0 1.0 0.008974358974358974 0.6 0.15579710144927536 44.0 328.0 0.0 0.0 3.0 24.0 
1.0 2.0 1.0 0.6 0.0 0.25 13.0 46.0 0.0 0.0 1.0 6.0 
0.0 3.0 2.0 0.3 0.0 0.25 10.0 43.0 0.0 1.0 1.0 5.0 
0.0 1.0 1.0 1.0 0.0 0.0 3.0 16.0 0.0 1.0 1.0 3.0 
0.0 3.0 2.0 0.3 0.0 0.25 10.0 46.0 0.0 1.0 1.0 5.0 
0.0 0.0 1.0 1.0 0.0 0.3333333333333333 8.0 31.0 0.0 0.0 1.0 4.0 
0.0 0.0 6.0 0.0 0.0 1.0 7.0 36.0 0.0 0.0 1.0 2.0 
2.0 1.0 4.0 0.0 0.0 0.5 6.0 22.0 0.0 0.0 1.0 3.0 
3.0 2.0 4.0 0.16666666666666666 0.0 0.5 10.0 48.0 0.0 0.0 1.0 3.0 
4.0 0.0 3.0 1.0 0.0 0.5 3.0 42.0 0.0 0.0 1.0 3.0 
0.0 0.0 1.0 1.0 0.0 0.0 3.0 14.0 0.0 1.0 1.0 3.0 
1.0 3.0 2.0 0.2857142857142857 0.4375 0.16666666666666666 9.0 62.0 0.0 1.0 4.0 7.0 
1.0 1.0 2.0 0.06666666666666667 0.0 0.5 10.0 36.0 0.0 2.0 1.0 3.0 
13.0 4.0 1.0 0.02620967741935484 0.5 0.27 60.0 310.0 0.0 2.0 2.0 26.0 
2.0 2.0 2.0 0.0 0.0 0.4166666666666667 29.0 85.0 0.0 0.0 1.0 5.0 
0.0 2.0 2.0 0.32142857142857145 0.3 0.14285714285714285 14.0 67.0 0.0 1.0 2.0 9.0 
1.0 2.0 3.0 0.25 0.33333333333333337 0.14285714285714285 12.0 89.0 0.0 1.0 3.0 8.0 
1.0 3.0 2.0 0.2857142857142857 0.4375 0.16666666666666666 9.0 63.0 0.0 1.0 4.0 7.0 
1.0 3.0 2.0 0.14285714285714285 0.3333333333333333 0.19047619047619047 11.0 62.0 0.0 1.0 3.0 8.0 
0.0 2.0 3.0 0.0 0.0 0.3333333333333333 6.0 30.0 0.0 0.0 0.0 4.0 
1.0 0.0 3.0 0.16666666666666666 0.0 0.25 10.0 49.0 0.0 0.0 1.0 5.0 
0.0 0.0 1.0 0.0 0.0 1.0 3.0 18.0 0.0 0.0 1.0 2.0 
1.0 0.0 3.0 0.3333333333333333 0.0 0.3333333333333333 14.0 81.0 0.0 0.0 1.0 4.0 
2.0 0.0 3.0 0.0 0.0 1.0 3.0 24.0 0.0 0.0 1.0 2.0 
1.0 2.0 3.0 0.0 0.0 0.3333333333333333 4.0 30.0 0.0 1.0 0.0 4.0 
0.0 2.0 4.0 0.0 0.0 0.3333333333333333 4.0 27.0 0.0 1.0 0.0 4.0 
1.0 2.0 3.0 0.0 0.0 0.3333333333333333 4.0 30.0 0.0 1.0 0.0 4.0 
0.0 2.0 4.0 0.0 0.0 0.3333333333333333 4.0 27.0 0.0 1.0 0.0 4.0 
1.0 1.0 3.0 0.3333333333333333 0.0 0.3333333333333333 4.0 23.0 0.0 0.0 1.0 4.0 
4.0 0.0 3.0 0.0 0.0 0.16666666666666666 7.0 46.0 0.0 0.0 1.0 7.0 
3.0 1.0 3.0 0.0 0.0 0.3333333333333333 4.0 24.0 0.0 0.0 0.0 4.0 
1.0 1.0 3.0 0.3333333333333333 0.0 0.3333333333333333 4.0 23.0 0.0 0.0 1.0 4.0 
0.0 0.0 1.0 0.3333333333333333 0.0 0.5 8.0 43.0 0.0 0.0 0.0 3.0 
0.0 4.0 2.0 0.07142857142857142 0.8611111111111112 0.5 19.0 128.0 9.0 1.0 9.0 7.0 
0.0 0.0 2.0 0.3333333333333333 0.5 0.3333333333333333 18.0 82.0 0.0 1.0 3.0 4.0 
0.0 0.0 3.0 0.0 0.0 0.5 3.0 19.0 0.0 0.0 1.0 3.0 
4.0 1.0 2.0 1.0 0.0 0.0 5.0 89.0 0.0 0.0 5.0 2.0 
3.0 4.0 2.0 0.14619883040935672 0.7222222222222222 0.0763888888888889 36.0 187.0 0.0 0.0 4.0 19.0 
0.0 1.0 2.0 0.18181818181818182 0.0 0.24242424242424243 19.0 78.0 0.0 0.0 1.0 12.0 
0.0 0.0 1.0 0.6666666666666666 0.0 0.2916666666666667 13.0 52.0 0.0 0.0 1.0 7.0 
4.0 8.0 2.0 0.20652173913043478 0.8128654970760234 0.050505050505050504 56.0 392.0 0.0 0.0 9.0 23.0 
2.0 0.0 9.0 0.0 0.0 0.625 5.0 36.0 0.0 0.0 0.0 3.0 
0.0 1.0 3.0 0.0 0.0 0.5 3.0 18.0 0.0 0.0 1.0 3.0 
0.0 1.0 1.0 0.2692307692307692 0.8095238095238095 0.21212121212121213 29.0 180.0 0.0 2.0 7.0 12.0 
0.0 0.0 2.0 0.0 0.0 1.0 2.0 15.0 0.0 0.0 0.0 2.0 
1.0 6.0 1.0 0.025252525252525252 0.5714285714285714 0.05128205128205128 53.0 195.0 0.0 1.0 4.0 45.0 
0.0 3.0 1.0 0.0 0.0 1.0 5.0 36.0 0.0 0.0 1.0 2.0 
10.0 2.0 1.0 0.047619047619047616 0.0 1.0 6.0 178.0 0.0 1.0 1.0 1.0 
0.0 3.0 2.0 0.3076923076923077 0.5 0.07142857142857142 16.0 90.0 0.0 1.0 2.0 15.0 
4.0 1.0 4.0 0.1 0.0 0.2 9.0 80.0 0.0 2.0 1.0 6.0 
0.0 0.0 3.0 0.3055555555555556 0.7083333333333334 0.125 21.0 89.0 0.0 2.0 4.0 13.0 
0.0 1.0 2.0 1.0 0.22222222222222218 0.3333333333333333 17.0 85.0 0.0 0.0 3.0 4.0 
1.0 0.0 2.0 0.0 0.0 1.0 3.0 14.0 0.0 0.0 0.0 3.0 
0.0 0.0 1.0 0.06666666666666667 0.7999999999999999 0.16666666666666666 7.0 33.0 0.0 6.0 5.0 7.0 
0.0 2.0 2.0 1.0 0.08333333333333333 0.3333333333333333 20.0 100.0 0.0 0.0 4.0 4.0 
0.0 0.0 4.0 0.5 0.5 0.0 8.0 41.0 0.0 3.0 3.0 5.0 
4.0 1.0 1.0 0.3055555555555556 0.5 0.3333333333333333 45.0 178.0 0.0 1.0 2.0 11.0 
0.0 0.0 4.0 0.0 0.0 0.0 2.0 10.0 0.0 0.0 0.0 2.0 
0.0 1.0 2.0 1.0 0.16666666666666666 0.3333333333333333 13.0 55.0 0.0 0.0 2.0 4.0 
2.0 0.0 5.0 0.0 0.0 1.0 6.0 47.0 0.0 0.0 0.0 2.0 
7.0 2.0 5.0 0.1568627450980392 0.7333333333333333 0.25 25.0 161.0 0.0 4.0 6.0 14.0 
0.0 2.0 1.0 0.23809523809523808 0.6666666666666666 0.14285714285714285 13.0 80.0 0.0 4.0 3.0 8.0 
0.0 2.0 3.0 1.0 0.0 0.5 3.0 22.0 0.0 0.0 1.0 3.0 
5.0 6.0 1.0 0.13333333333333333 0.7 0.3 32.0 167.0 0.0 0.0 6.0 11.0 
0.0 2.0 3.0 1.0 0.0 0.5 3.0 22.0 0.0 0.0 1.0 3.0 
6.0 1.0 1.0 0.4444444444444444 0.5 0.1111111111111111 16.0 72.0 0.0 2.0 3.0 10.0 
1.0 2.0 1.0 0.3333333333333333 0.0 0.0 44.0 163.0 0.0 0.0 0.0 0.0 
2.0 2.0 3.0 0.0 0.0 0.3333333333333333 5.0 33.0 0.0 1.0 0.0 4.0 
2.0 5.0 1.0 0.05138339920948617 0.8952380952380953 0.10909090909090909 35.0 121.0 0.0 9.0 7.0 23.0 
1.0 1.0 2.0 0.0 0.0 0.3333333333333333 4.0 30.0 0.0 1.0 0.0 3.0 
0.0 2.0 2.0 0.3333333333333333 0.3999999999999999 0.0 3.0 36.0 0.0 0.0 5.0 3.0 
2.0 2.0 3.0 0.0 0.0 0.3333333333333333 5.0 33.0 0.0 1.0 0.0 4.0 
1.0 1.0 2.0 0.0 0.0 0.3333333333333333 4.0 29.0 0.0 1.0 0.0 3.0 
0.0 1.0 1.0 1.0 0.0 0.3333333333333333 5.0 21.0 0.0 1.0 1.0 4.0 
1.0 3.0 1.0 0.0 0.5 0.0 6.0 36.0 0.0 1.0 2.0 4.0 
0.0 2.0 1.0 0.4 0.6666666666666666 0.16666666666666666 11.0 38.0 0.0 1.0 3.0 7.0 
0.0 1.0 1.0 1.0 0.0 0.3333333333333333 4.0 19.0 0.0 1.0 1.0 4.0 
0.0 1.0 1.0 1.0 0.0 0.3333333333333333 5.0 22.0 0.0 1.0 1.0 4.0 
0.0 1.0 3.0 0.0 0.0 1.0 2.0 15.0 0.0 0.0 1.0 2.0 
5.0 0.0 7.0 0.01904761904761905 0.0 0.1 23.0 131.0 0.0 3.0 1.0 16.0 
1.0 1.0 2.0 0.0 0.0 0.0 3.0 16.0 0.0 1.0 0.0 1.0 
0.0 1.0 3.0 0.0 0.0 1.0 2.0 15.0 0.0 0.0 1.0 2.0 
5.0 1.0 1.0 0.0 0.0 0.3333333333333333 5.0 52.0 0.0 1.0 2.0 4.0 
14.0 11.0 1.0 0.06196291270918137 0.9059829059829059 0.046464646464646465 153.0 669.0 0.0 8.0 13.0 67.0 
1.0 1.0 1.0 0.41818181818181815 0.7373737373737373 0.21212121212121213 21.0 115.0 0.0 0.0 9.0 12.0 
1.0 1.0 2.0 0.0 0.0 0.0 2.0 13.0 0.0 1.0 0.0 1.0 
6.0 1.0 7.0 0.0 0.0 0.12 14.0 101.0 0.0 0.0 0.0 10.0 
0.0 2.0 4.0 0.05714285714285714 0.6799999999999999 0.175 64.0 371.0 0.0 0.0 5.0 12.0 
1.0 1.0 2.0 0.0 0.0 0.0 3.0 17.0 0.0 1.0 0.0 1.0 
7.0 1.0 3.0 0.3333333333333333 0.0 0.3333333333333333 8.0 48.0 0.0 0.0 1.0 4.0 
29.0 9.0 4.0 0.0665028665028665 0.8993710691823898 0.030389908256880736 343.0 1303.0 0.0 18.0 12.0 110.0 
8.0 6.0 1.0 0.2645161290322581 0.8043478260869565 0.03333333333333333 59.0 246.0 0.0 4.0 8.0 31.0 
0.0 0.0 2.0 0.0 0.0 0.38095238095238093 14.0 58.0 0.0 0.0 0.0 7.0 
3.0 1.0 5.0 0.3165322580645161 0.8358974358974359 0.10714285714285714 53.0 328.0 0.0 10.0 13.0 21.0 
4.0 1.0 3.0 0.22727272727272727 0.5 0.20833333333333334 25.0 91.0 0.0 0.0 2.0 13.0 
0.0 0.0 6.0 1.0 0.3333333333333333 0.25 23.0 121.0 0.0 0.0 3.0 4.0 
0.0 1.0 5.0 0.0 0.0 0.0 5.0 29.0 0.0 0.0 0.0 5.0 
4.0 2.0 3.0 0.14102564102564102 0.5 0.16923076923076924 24.0 84.0 0.0 1.0 2.0 14.0 
5.0 2.0 1.0 0.0 0.0 1.0 6.0 20.0 0.0 0.0 0.0 1.0 
1.0 2.0 2.0 0.0 0.0 0.5 4.0 34.0 0.0 0.0 0.0 3.0 
0.0 2.0 2.0 0.0 0.0 0.5 3.0 30.0 0.0 0.0 0.0 3.0 
0.0 2.0 2.0 0.0 0.0 0.5 6.0 41.0 0.0 0.0 1.0 5.0 
3.0 1.0 3.0 0.0 0.0 0.3333333333333333 4.0 36.0 0.0 0.0 0.0 4.0 
3.0 1.0 2.0 0.0 0.0 0.5 6.0 56.0 0.0 0.0 0.0 3.0 
6.0 1.0 3.0 0.16666666666666666 0.0 0.25 7.0 63.0 0.0 0.0 2.0 5.0 
3.0 1.0 2.0 0.0 0.0 0.3333333333333333 5.0 50.0 0.0 0.0 0.0 4.0 
6.0 1.0 2.0 0.3333333333333333 0.0 0.3333333333333333 15.0 73.0 0.0 0.0 2.0 4.0 
5.0 1.0 2.0 0.0 0.0 0.25 8.0 55.0 0.0 0.0 0.0 5.0 
2.0 1.0 2.0 0.0 0.0 0.3333333333333333 6.0 47.0 0.0 0.0 0.0 4.0 
2.0 1.0 3.0 0.0 0.0 0.3333333333333333 9.0 39.0 0.0 0.0 0.0 4.0 
2.0 1.0 3.0 0.0 0.0 0.5 5.0 21.0 0.0 0.0 0.0 3.0 
14.0 4.0 2.0 0.1 0.0 0.3 18.0 82.0 0.0 0.0 1.0 6.0 
0.0 0.0 1.0 0.5 0.6 0.25 7.0 49.0 0.0 3.0 5.0 5.0 
5.0 1.0 2.0 0.16666666666666666 0.0 0.25 7.0 50.0 0.0 0.0 2.0 5.0 
20.0 2.0 2.0 0.05 0.8068181818181818 0.124 116.0 415.0 0.0 1.0 8.0 26.0 
2.0 2.0 2.0 0.0 0.0 1.0 2.0 51.0 0.0 0.0 0.0 2.0 
13.0 4.0 2.0 0.0 0.0 0.6666666666666666 20.0 113.0 0.0 0.0 0.0 3.0 
7.0 1.0 1.0 0.1 0.0 0.5 49.0 128.0 0.0 0.0 1.0 6.0 
0.0 0.0 1.0 0.1 0.0 0.3333333333333333 13.0 69.0 0.0 0.0 1.0 6.0 
1.0 1.0 3.0 0.0 0.0 0.5 3.0 23.0 0.0 0.0 1.0 3.0 
3.0 6.0 1.0 0.04946236559139785 0.9482758620689655 0.051075268817204304 58.0 281.0 0.0 19.0 16.0 32.0 
0.0 2.0 1.0 1.0 0.25 0.3333333333333333 3.0 33.0 0.0 1.0 2.0 3.0 
2.0 1.0 2.0 0.022222222222222223 0.6666666666666666 0.55 26.0 113.0 0.0 0.0 2.0 11.0 
0.0 2.0 1.0 0.3333333333333333 0.0 1.0 4.0 34.0 0.0 0.0 2.0 4.0 
