12.0 2.0 2.0 0.5 0.75 0.125 84.0 392.0 0.0 2.0 9.0 10.0 
4.0 4.0 1.0 0.07142857142857142 0.3333333333333333 0.3125 39.0 153.0 0.0 2.0 2.0 10.0 
6.0 2.0 2.0 0.10476190476190476 0.4833333333333334 0.16666666666666666 57.0 237.0 0.0 0.0 10.0 9.0 
0.0 0.0 3.0 0.06666666666666667 0.33333333333333326 0.20833333333333334 30.0 128.0 0.0 0.0 3.0 7.0 
4.0 4.0 1.0 0.09090909090909091 0.5333333333333333 0.18181818181818182 46.0 210.0 0.0 2.0 3.0 13.0 
0.0 6.0 1.0 0.20261437908496732 0.8774509803921569 0.06862745098039216 33.0 169.0 0.0 10.0 12.0 19.0 
6.0 3.0 3.0 0.18253968253968253 0.8484848484848486 0.10833333333333334 95.0 365.0 0.0 0.0 11.0 25.0 
0.0 0.0 3.0 0.4666666666666667 0.48 0.17857142857142858 56.0 200.0 0.0 0.0 5.0 8.0 
2.0 0.0 2.0 0.08888888888888889 0.65 0.31746031746031744 75.0 401.0 0.0 0.0 5.0 11.0 
1.0 2.0 2.0 0.0 0.0 0.5 15.0 99.0 0.0 0.0 1.0 3.0 
0.0 3.0 2.0 0.0 0.0 0.5 8.0 69.0 0.0 0.0 1.0 3.0 
0.0 2.0 1.0 0.2 0.75 0.25 14.0 79.0 0.0 0.0 3.0 5.0 
0.0 3.0 2.0 0.16666666666666666 0.6666666666666666 0.35 54.0 302.0 0.0 0.0 3.0 5.0 
0.0 5.0 1.0 0.3333333333333333 0.3333333333333333 0.24 13.0 99.0 0.0 0.0 3.0 5.0 
0.0 2.0 2.0 0.16666666666666666 0.0 0.3125 29.0 128.0 0.0 0.0 2.0 5.0 
0.0 3.0 2.0 0.5 0.3333333333333333 0.25 37.0 158.0 0.0 0.0 2.0 5.0 
2.0 0.0 1.0 0.0 0.0 1.0 6.0 51.0 0.0 0.0 0.0 1.0 
0.0 2.0 1.0 0.04 0.9545454545454546 0.125 26.0 105.0 0.0 0.0 12.0 24.0 
0.0 5.0 1.0 0.5 0.33333333333333326 0.3333333333333333 6.0 106.0 0.0 0.0 3.0 3.0 
0.0 0.0 1.0 0.0 0.0 0.0 1.0 11.0 0.0 0.0 1.0 1.0 
0.0 0.0 2.0 0.0 0.0 1.0 1.0 37.0 0.0 0.0 0.0 1.0 
0.0 1.0 1.0 0.0 0.0 0.75 3.0 29.0 0.0 0.0 0.0 2.0 
0.0 0.0 1.0 1.0 0.0 0.5 2.0 19.0 0.0 0.0 1.0 2.0 
0.0 2.0 1.0 1.0 0.0 0.25 13.0 54.0 0.0 0.0 1.0 6.0 
0.0 0.0 2.0 0.0 0.0 1.0 1.0 9.0 0.0 0.0 0.0 1.0 
0.0 1.0 1.0 0.5 0.6666666666666666 0.375 10.0 50.0 0.0 0.0 3.0 4.0 
0.0 1.0 1.0 0.15555555555555556 0.6799999999999999 0.22 23.0 127.0 0.0 0.0 5.0 10.0 
0.0 1.0 3.0 0.18181818181818182 0.0 0.10909090909090909 22.0 102.0 0.0 2.0 1.0 11.0 
0.0 4.0 2.0 0.0 0.0 0.5 16.0 118.0 20.0 0.0 20.0 2.0 
0.0 1.0 1.0 0.0858974358974359 0.7593582887700535 0.06578947368421052 266.0 1255.0 0.0 8.0 11.0 26.0 
8.0 8.0 1.0 0.16042780748663102 0.926984126984127 0.08088235294117647 190.0 792.0 1.0 8.0 35.0 37.0 
1.0 2.0 1.0 0.45714285714285713 0.6794871794871794 0.07692307692307693 106.0 337.0 0.0 5.0 6.0 15.0 
0.0 0.0 3.0 0.17857142857142858 0.79 0.19047619047619047 46.0 282.0 0.0 0.0 20.0 8.0 
20.0 6.0 1.0 0.3161290322580645 0.8921739130434783 0.06989247311827956 118.0 470.0 0.0 9.0 23.0 32.0 
5.0 5.0 1.0 0.1021021021021021 0.8 0.1111111111111111 126.0 588.0 0.0 8.0 8.0 19.0 
0.0 1.0 3.0 0.3 0.5 0.2 12.0 64.0 0.0 0.0 4.0 6.0 
0.0 5.0 1.0 0.6666666666666666 0.9523809523809524 1.0 6.0 44.0 0.0 0.0 7.0 4.0 
0.0 0.0 5.0 0.0 0.0 0.0 5.0 18.0 0.0 0.0 0.0 2.0 
0.0 6.0 3.0 0.0 0.0 0.3333333333333333 6.0 33.0 0.0 0.0 0.0 5.0 
0.0 5.0 3.0 0.16666666666666666 0.0 0.5 7.0 39.0 0.0 0.0 1.0 3.0 
0.0 0.0 1.0 1.0 0.16666666666666674 0.5 6.0 28.0 0.0 0.0 3.0 3.0 
0.0 1.0 2.0 1.0 0.25 0.5 4.0 25.0 0.0 0.0 2.0 4.0 
0.0 0.0 1.0 1.0 0.16666666666666674 0.0 8.0 49.0 0.0 0.0 3.0 4.0 
0.0 3.0 2.0 0.3333333333333333 0.0 0.0 4.0 19.0 0.0 0.0 1.0 3.0 
0.0 0.0 4.0 0.0 0.0 0.0 2.0 10.0 0.0 0.0 0.0 2.0 
0.0 2.0 1.0 1.0 0.0 0.125 18.0 90.0 0.0 0.0 1.0 9.0 
0.0 0.0 4.0 0.0 0.0 0.0 2.0 10.0 0.0 0.0 0.0 2.0 
0.0 1.0 5.0 0.0 0.0 0.0 6.0 34.0 0.0 0.0 0.0 4.0 
0.0 0.0 4.0 0.0 0.0 0.0 2.0 10.0 0.0 0.0 0.0 2.0 
0.0 0.0 1.0 0.2857142857142857 0.5833333333333334 0.5238095238095238 19.0 92.0 0.0 0.0 3.0 8.0 
3.0 10.0 1.0 0.5714285714285714 0.7428571428571429 0.21428571428571427 28.0 191.0 0.0 0.0 10.0 9.0 
0.0 4.0 1.0 1.0 0.0 0.5555555555555556 4.0 29.0 0.0 0.0 1.0 4.0 
0.0 5.0 1.0 0.26666666666666666 0.6 0.2 7.0 68.0 0.0 0.0 3.0 6.0 
0.0 4.0 1.0 0.32142857142857145 0.0 1.0 2.0 88.0 0.0 0.0 3.0 2.0 
0.0 0.0 1.0 0.0 0.0 0.0 2.0 13.0 0.0 0.0 1.0 2.0 
0.0 1.0 1.0 0.0 0.0 0.0 2.0 13.0 0.0 0.0 1.0 2.0 
0.0 3.0 1.0 0.6666666666666666 0.1428571428571428 0.0 6.0 75.0 0.0 0.0 7.0 2.0 
0.0 2.0 1.0 0.0 0.5 1.0 8.0 80.0 0.0 0.0 4.0 3.0 
0.0 0.0 5.0 0.0 0.0 0.0 1.0 7.0 0.0 0.0 0.0 1.0 
0.0 6.0 1.0 0.5714285714285714 0.7142857142857143 0.19047619047619047 8.0 59.0 0.0 0.0 7.0 8.0 
0.0 7.0 1.0 0.2222222222222222 0.761904761904762 0.14285714285714285 8.0 93.0 0.0 0.0 6.0 8.0 
0.0 4.0 3.0 0.03571428571428571 0.6666666666666666 0.2916666666666667 18.0 90.0 0.0 0.0 2.0 9.0 
0.0 0.0 4.0 0.5 0.7142857142857143 0.375 13.0 64.0 0.0 0.0 7.0 5.0 
0.0 0.0 2.0 1.0 0.0 0.5 5.0 23.0 0.0 0.0 2.0 3.0 
0.0 3.0 5.0 0.2 0.75 0.4666666666666667 8.0 148.0 0.0 0.0 12.0 6.0 
0.0 2.0 1.0 0.0 0.0 0.0 2.0 62.0 0.0 0.0 1.0 2.0 
0.0 6.0 5.0 0.4 0.6363636363636364 0.2 15.0 134.0 0.0 0.0 11.0 6.0 
0.0 1.0 1.0 0.3333333333333333 0.0 0.3333333333333333 9.0 65.0 0.0 0.0 2.0 4.0 
0.0 2.0 1.0 0.0 0.0 1.0 7.0 55.0 0.0 0.0 3.0 2.0 
0.0 0.0 6.0 0.0 0.0 0.5 8.0 74.0 0.0 0.0 0.0 4.0 
0.0 1.0 1.0 0.0 0.0 1.0 6.0 63.0 0.0 0.0 1.0 2.0 
0.0 4.0 3.0 0.0 0.0 0.5 3.0 22.0 0.0 0.0 0.0 3.0 
0.0 1.0 2.0 0.0 0.0 1.0 2.0 48.0 0.0 0.0 1.0 2.0 
0.0 4.0 1.0 0.0 0.0 1.0 4.0 123.0 0.0 0.0 2.0 3.0 
0.0 1.0 3.0 0.0 0.0 1.0 2.0 23.0 0.0 0.0 1.0 2.0 
0.0 7.0 2.0 0.0 0.0 1.0 2.0 36.0 0.0 0.0 1.0 2.0 
0.0 6.0 2.0 1.0 0.0 1.0 8.0 97.0 0.0 0.0 2.0 2.0 
0.0 1.0 5.0 0.0 0.5 0.0 20.0 95.0 0.0 0.0 2.0 3.0 
0.0 0.0 4.0 0.0 0.0 0.0 2.0 10.0 0.0 0.0 0.0 2.0 
0.0 2.0 1.0 0.0 0.0 1.0 2.0 19.0 0.0 0.0 1.0 2.0 
0.0 1.0 1.0 0.0 0.6666666666666666 0.2 12.0 52.0 0.0 0.0 3.0 7.0 
0.0 3.0 1.0 0.0 0.8 0.0 6.0 39.0 0.0 0.0 5.0 6.0 
0.0 0.0 1.0 0.3333333333333333 0.0 1.0 5.0 33.0 0.0 0.0 2.0 5.0 
0.0 7.0 1.0 0.5 0.75 0.25 8.0 72.0 0.0 0.0 8.0 5.0 
0.0 13.0 1.0 0.04678362573099415 0.9243697478991597 0.06578947368421052 23.0 135.0 0.0 0.0 14.0 20.0 
0.0 2.0 1.0 0.0 0.0 0.42857142857142855 9.0 37.0 0.0 0.0 2.0 8.0 
0.0 2.0 1.0 0.6 0.611111111111111 0.16666666666666666 11.0 41.0 0.0 0.0 3.0 7.0 
0.0 6.0 1.0 0.21428571428571427 0.6785714285714286 0.22857142857142856 8.0 50.0 0.0 0.0 4.0 8.0 
0.0 3.0 1.0 0.0 0.33333333333333326 1.0 6.0 53.0 0.0 0.0 6.0 2.0 
0.0 0.0 5.0 0.0 0.0 0.0 1.0 7.0 0.0 0.0 0.0 1.0 
0.0 6.0 1.0 0.0 0.0 0.0 11.0 105.0 0.0 0.0 6.0 2.0 
1.0 4.0 1.0 1.0 0.0 0.5 12.0 80.0 0.0 0.0 1.0 3.0 
0.0 6.0 1.0 0.0 0.8333333333333334 0.2 9.0 71.0 0.0 0.0 6.0 6.0 
0.0 3.0 1.0 0.14285714285714285 0.5 0.1875 13.0 80.0 0.0 0.0 3.0 9.0 
0.0 7.0 2.0 0.16666666666666666 0.5 0.5 6.0 73.0 0.0 0.0 6.0 4.0 
0.0 3.0 2.0 0.0 0.0 0.6666666666666666 9.0 44.0 0.0 0.0 0.0 4.0 
0.0 2.0 1.0 0.0 0.0 0.6666666666666666 5.0 24.0 0.0 0.0 2.0 4.0 
0.0 5.0 1.0 0.11666666666666667 0.76 0.203125 21.0 106.0 0.0 0.0 5.0 17.0 
0.0 5.0 1.0 0.14285714285714285 0.25 0.2777777777777778 17.0 109.0 0.0 0.0 2.0 7.0 
0.0 1.0 1.0 0.0 0.0 0.0 2.0 12.0 0.0 0.0 1.0 2.0 
0.0 1.0 1.0 0.0 0.0 0.0 2.0 13.0 0.0 0.0 1.0 2.0 
0.0 1.0 1.0 0.0 0.5 0.0 3.0 18.0 0.0 0.0 2.0 3.0 
0.0 0.0 1.0 0.0 0.0 0.0 2.0 14.0 0.0 0.0 1.0 2.0 
0.0 2.0 1.0 0.2 0.7916666666666666 0.16666666666666666 8.0 44.0 0.0 0.0 4.0 7.0 
0.0 3.0 1.0 0.3 0.7333333333333333 0.2 7.0 38.0 0.0 0.0 3.0 6.0 
0.0 1.0 2.0 0.0 0.0 0.0 1.0 8.0 0.0 0.0 0.0 1.0 
0.0 1.0 1.0 0.0 0.0 0.0 2.0 13.0 0.0 0.0 1.0 2.0 
0.0 1.0 2.0 0.0 0.0 0.0 1.0 8.0 0.0 0.0 0.0 1.0 
2.0 4.0 1.0 0.8571428571428571 0.46153846153846156 0.18571428571428572 22.0 128.0 0.0 0.0 2.0 15.0 
0.0 0.0 4.0 0.0 0.0 0.0 2.0 10.0 0.0 0.0 0.0 2.0 
0.0 0.0 4.0 0.0 0.0 0.0 1.0 8.0 0.0 0.0 0.0 1.0 
0.0 2.0 1.0 1.0 0.0 0.5555555555555556 4.0 20.0 0.0 0.0 1.0 4.0 
0.0 8.0 1.0 0.0 0.0 1.0 2.0 43.0 0.0 0.0 7.0 2.0 
0.0 2.0 1.0 0.0 0.0 0.5555555555555556 4.0 19.0 0.0 0.0 1.0 4.0 
0.0 2.0 1.0 1.0 0.5 0.5333333333333333 11.0 60.0 0.0 0.0 2.0 6.0 
0.0 0.0 4.0 0.0 0.0 0.0 2.0 10.0 0.0 0.0 0.0 2.0 
0.0 0.0 4.0 0.0 0.0 0.0 1.0 7.0 0.0 0.0 0.0 1.0 
0.0 0.0 4.0 0.0 0.0 0.0 1.0 7.0 0.0 0.0 0.0 1.0 
1.0 1.0 2.0 0.16666666666666666 0.6666666666666666 0.5 5.0 27.0 0.0 0.0 3.0 5.0 
0.0 0.0 4.0 0.0 0.0 0.0 2.0 10.0 0.0 0.0 0.0 2.0 
0.0 0.0 4.0 0.0 0.0 0.0 1.0 7.0 0.0 0.0 0.0 1.0 
0.0 0.0 4.0 0.0 0.0 0.0 2.0 10.0 0.0 0.0 0.0 2.0 
0.0 3.0 1.0 1.0 0.0 0.6666666666666666 12.0 51.0 0.0 0.0 1.0 5.0 
0.0 2.0 1.0 0.0 0.0 0.5 4.0 28.0 0.0 0.0 1.0 2.0 
2.0 2.0 2.0 0.0 0.0 0.5 15.0 61.0 0.0 0.0 0.0 5.0 
6.0 0.0 6.0 0.0 0.5 0.0 12.0 66.0 0.0 0.0 2.0 5.0 
1.0 3.0 3.0 0.0 0.0 0.21428571428571427 12.0 78.0 0.0 0.0 0.0 8.0 
3.0 3.0 3.0 0.0 0.0 1.0 2.0 31.0 0.0 0.0 1.0 2.0 
0.0 3.0 4.0 0.22727272727272727 0.0 0.5 7.0 76.0 0.0 0.0 1.0 7.0 
0.0 2.0 5.0 0.0 0.0 0.8333333333333334 4.0 41.0 0.0 0.0 0.0 4.0 
0.0 3.0 4.0 0.2 0.0 0.8333333333333334 4.0 50.0 0.0 0.0 1.0 4.0 
0.0 2.0 5.0 0.13333333333333333 0.0 0.5 10.0 79.0 0.0 0.0 1.0 6.0 
0.0 2.0 5.0 0.13333333333333333 0.0 0.5 10.0 78.0 0.0 0.0 1.0 6.0 
0.0 6.0 1.0 0.10714285714285714 0.7999999999999999 0.0 9.0 57.0 0.0 0.0 5.0 8.0 
0.0 1.0 1.0 0.21428571428571427 0.7708333333333333 0.125 13.0 69.0 0.0 0.0 6.0 9.0 
0.0 3.0 1.0 0.6666666666666666 0.5 0.3333333333333333 4.0 25.0 0.0 0.0 2.0 4.0 
0.0 4.0 1.0 0.3333333333333333 0.5555555555555555 1.0 5.0 25.0 0.0 0.0 3.0 4.0 
0.0 8.0 1.0 0.36615384615384616 0.4642857142857143 0.0979020979020979 65.0 314.0 0.0 0.0 6.0 28.0 
0.0 3.0 1.0 0.0 0.6666666666666666 0.0 7.0 60.0 0.0 0.0 3.0 4.0 
0.0 2.0 2.0 0.6 0.0 1.0 2.0 60.0 0.0 0.0 1.0 2.0 
0.0 0.0 2.0 0.0 0.0 0.0 1.0 7.0 0.0 0.0 0.0 1.0 
0.0 1.0 2.0 0.0 0.0 0.0 2.0 13.0 0.0 0.0 1.0 2.0 
0.0 0.0 2.0 0.0 0.0 0.0 2.0 13.0 0.0 0.0 1.0 2.0 
0.0 1.0 2.0 0.0 0.0 0.0 2.0 13.0 0.0 0.0 1.0 2.0 
0.0 1.0 1.0 0.0 0.5 0.0 3.0 18.0 0.0 0.0 2.0 3.0 
0.0 2.0 1.0 0.1111111111111111 0.775 0.1111111111111111 16.0 74.0 0.0 0.0 5.0 11.0 
0.0 2.0 1.0 1.0 0.0 0.5555555555555556 12.0 44.0 0.0 0.0 1.0 4.0 
0.0 2.0 6.0 0.0 0.0 0.0 1.0 52.0 0.0 0.0 1.0 1.0 
0.0 1.0 1.0 0.07142857142857142 0.5833333333333334 0.16666666666666666 14.0 57.0 0.0 0.0 3.0 8.0 
0.0 2.0 2.0 0.0 0.0 1.0 5.0 36.0 0.0 0.0 0.0 2.0 
0.0 4.0 2.0 0.0 0.0 0.0 7.0 58.0 0.0 0.0 1.0 3.0 
0.0 0.0 6.0 0.0 0.0 0.0 2.0 14.0 0.0 0.0 1.0 2.0 
0.0 3.0 2.0 0.0 0.0 1.0 6.0 45.0 0.0 0.0 1.0 2.0 
0.0 0.0 4.0 0.1 0.0 0.35 17.0 68.0 0.0 0.0 1.0 5.0 
0.0 2.0 1.0 0.0 0.0 0.5 6.0 22.0 0.0 0.0 1.0 4.0 
0.0 3.0 1.0 0.17857142857142858 0.7333333333333333 0.5714285714285714 20.0 95.0 0.0 0.0 6.0 8.0 
0.0 2.0 1.0 0.0 0.2 0.2 13.0 44.0 0.0 0.0 2.0 6.0 
0.0 0.0 1.0 0.0 0.0 1.0 2.0 13.0 0.0 0.0 1.0 2.0 
1.0 1.0 1.0 0.09523809523809523 0.76 0.42857142857142855 11.0 56.0 0.0 0.0 5.0 9.0 
0.0 0.0 1.0 0.0 0.0 1.0 7.0 51.0 0.0 0.0 2.0 4.0 
0.0 0.0 2.0 1.0 0.5555555555555555 0.3333333333333333 8.0 35.0 0.0 0.0 3.0 4.0 
0.0 0.0 2.0 0.0 0.0 1.0 2.0 10.0 0.0 0.0 1.0 2.0 
0.0 1.0 1.0 0.0 0.0 0.0 3.0 16.0 0.0 0.0 1.0 2.0 
0.0 0.0 4.0 0.0 0.0 0.0 2.0 11.0 0.0 0.0 0.0 2.0 
0.0 1.0 2.0 0.0 0.0 0.0 3.0 14.0 0.0 0.0 0.0 3.0 
1.0 0.0 3.0 0.0 0.0 0.0 2.0 12.0 0.0 0.0 1.0 2.0 
0.0 0.0 1.0 0.6071428571428571 0.6875 0.25 16.0 76.0 0.0 3.0 6.0 9.0 
0.0 1.0 1.0 0.0 0.6666666666666667 0.0 2.0 31.0 3.0 0.0 3.0 2.0 
0.0 0.0 2.0 0.0 0.0 0.5 20.0 93.0 0.0 0.0 0.0 2.0 
1.0 0.0 2.0 0.0 0.0 1.0 56.0 245.0 0.0 0.0 0.0 1.0 
0.0 1.0 2.0 0.3333333333333333 0.7142857142857143 0.6666666666666666 62.0 178.0 0.0 0.0 7.0 5.0 
